"","Astro","Endo","ExcitatoryL2+3","ExcitatoryL4","ExcitatoryL5","ExcitatoryL6","HPC","Inhibitory Pvalb","Inhibitory Sst","Inhibitory Vip","Micro","Npy","Olig","Other","Smc"
"0",0.1600756777101,0.0319302835604416,0.00012641439626384,0.000126414394083973,0.00012641439249884,0.000126414393395899,0.712063696594109,0.000126414394059856,0.0945397838016297,0.000126414394083997,0.000126414394072314,0.000126414394083996,0.000126414394986416,0.000126414394083996,0.000126414392106459
"1",0.337414207998958,0.166537768818959,0.000232967060650158,0.000232967060649239,0.0643255853290078,0.000232967060649255,0.000232967060649246,0.000232967060649247,0.132871048964701,0.00375204684294485,0.154737162370321,0.000232967060649249,0.113284353656892,0.000232967060649249,0.0254470565936711
"2",0.0545730808412959,0.0100858320177986,3.18488037164606e-05,3.18488038702793e-05,3.1848803862418e-05,3.18488038657713e-05,3.18488038616839e-05,3.18488038700739e-05,3.18488039315317e-05,3.18488038577574e-05,0.0236169400482212,3.18488038652299e-05,0.911373810250258,3.18488038623462e-05,3.18488038623462e-05
"3",0.267751774493982,2.89667367089191e-05,2.89667355431509e-05,2.89667367131075e-05,2.89667367031807e-05,2.89667367088567e-05,2.89667367040651e-05,2.89667367089406e-05,2.89667362163516e-05,2.89667351705613e-05,2.89667367089298e-05,2.89667367071687e-05,0.731871657932007,2.89667367089296e-05,2.8966736708947e-05
"4",0.00015101849851564,0.000151018498515635,0.000151018498515636,0.000151018498515636,0.000151018498515666,0.681149999429487,0.0356010639739943,0.000151018498515631,0.154176994470212,0.00015101849851564,0.0116493242755203,0.012526029715218,0.0913597128520934,0.000151018498515645,0.0123287272953499
"5",0.000107979732584836,0.000107979732584835,0.000107979732584837,0.000107979732584837,0.0249185997641753,0.925246567629338,0.000107979732584836,0.000107979732584836,0.000107979732554925,0.0117894366771317,0.000107979732584835,0.000107979732584235,0.000107979732577985,0.0368576188709458,0.00010797973259842
"6",0.000107663812778247,0.000107663812778673,0.00229240144298845,0.000115903175152892,0.000107663812778249,0.936676663771927,0.0209754101639393,0.00279403608480823,0.000107663812675777,0.0335837448987824,0.000107663812778248,0.00270052996027741,0.000107663812778248,0.000107663812778246,0.000107663812778247
"7",0.0170346670825731,0.120503976481404,0.106951205552616,0.0305692032907879,0.40554289451,0.237211316748215,0.00318650765803383,0.00022429223222444,0.000224292232244199,0.000224292232224438,0.0050514049714434,0.000224292232250746,0.0726030703115351,0.000224292232224441,0.000224292232224438
"8",0.000171087885073334,0.00017108788507251,0.000171087885072516,0.000171087885072503,0.539339151631095,0.295618787779712,0.00472197936005704,0.0288804822955308,0.00537002638115721,0.000171087885072505,0.000171087885070109,0.000171087885072506,0.124529781586797,0.000171087885072505,0.000171087885072505
"9",0.0996244550941742,0.00016673098835872,0.000166730989005696,0.000166730989005696,0.613370110504427,0.093929678076324,0.0250348473036701,0.000166730989005696,0.00016673098747649,0.000166730989005704,0.000166730989005697,0.0107480061004991,0.149799594979776,0.000166730989005699,0.00615946003126061
"10",9.67482946124802e-05,9.6748294612482e-05,9.67482946124805e-05,0.44660338697357,0.426111438666455,9.67482946124952e-05,9.67482946124817e-05,0.0842651751782535,9.67482950378823e-05,9.6748294612485e-05,9.67482946124813e-05,9.67482946124798e-05,9.67482945531563e-05,0.0419557679406182,9.67482946124794e-05
"11",0.000106327044584541,0.0618134765616534,0.000106327044584542,0.794617198832981,0.000106327044584564,0.000106327044584574,0.00010632704458454,0.000106327044584542,0.137008541404093,0.000106327044584542,0.000106327044584543,0.000106327044584541,0.000106327040292908,0.000106327044584545,0.00539118571513484
"12",0.00140316965996503,0.000100296422567468,0.000100296422567467,0.957594553760342,0.0146371147171027,0.000100296422567461,0.00010029642256747,0.00343762914886865,0.00527383831637782,0.016751026593919,0.000100296422567467,0.000100296422567467,0.00010029642293481,0.000100296422567481,0.000100296422518174
"13",0.000118582238570251,0.00279728290590053,0.549337311546129,0.445728062277015,0.000118582238570263,0.000118582238570255,0.000118582238570257,0.000118582238570253,0.000118582238580351,0.00011858223857026,0.000118582238570256,0.000118582238570254,0.000118582238600683,0.000118582238570254,0.000832938646642822
"14",0.000108384818643402,0.0348318197390571,0.515226338395121,0.0121434311585896,0.000108384818755822,0.000108384818755848,0.000108384818755821,0.000108384818755834,0.405933791838099,0.000108384818755819,0.0307807706895777,0.000108384818755821,0.000108384810858371,0.000108384818755822,0.000108384818762234
"15",0.0132990479151161,0.102036307368013,0.882553338266859,7.79940316687643e-05,7.79940316687557e-05,7.79940316692607e-05,0.00125337209429678,7.79940316687648e-05,7.79940390941536e-05,7.7994031668765e-05,7.79940316687638e-05,7.79940316687649e-05,7.79940297737175e-05,7.79940316687685e-05,7.7994033497247e-05
"16",0.121003708481859,0.165065103322868,0.395929155525315,0.140265304972106,0.000241181303540331,0.000241181303540488,0.0451303616520843,0.000241181303540337,0.000241181303175957,0.120304683869195,0.00377700123064668,0.000241181303540337,0.000241181303564947,0.000241181303540342,0.00683641182148394
"17",0.000149571199073917,0.118666915717551,0.464393089147974,0.0777665586879376,0.000149571199069466,0.000149571199073917,0.0191820431082651,0.000149571199073918,0.000149571199078554,0.277939308007204,0.000149571199074268,0.000149571199073915,0.000149571202915081,0.0366028474721272,0.00425266826250813
"18",0.000249962799505119,0.000249967406456318,0.000249967968165789,0.000249967531994152,0.000250008570102795,0.000249974294584018,0.000249965513606201,0.000249966774300123,0.00024996356589854,0.000249967957281177,0.000249967955608463,0.000249968665105928,0.000249967953744994,0.996500415090465,0.000249967953180991
"19",0.358698362305557,0.000200334831934846,0.000200334832096598,0.000200334831916518,0.000200334831934486,0.000200334831937328,0.000200334832986288,0.000200334831934483,0.000200334831986123,0.551274400476013,0.000200334834574598,0.000200334831934965,0.000200334831944626,0.0876232192313423,0.000200334831906766
"20",0.438357176702021,0.0155211208508124,0.000172369994446499,0.0001723699944465,0.000172369994446502,0.000172369994445865,0.0001723699944465,0.000172369994446501,0.284625113730156,0.000172369994449099,0.0193989731238875,0.0001723699944465,0.184076667830508,0.0355833533428525,0.0210586344641884
"21",0.162806559953955,2.15423912618959e-05,2.15423912570499e-05,2.15423912685669e-05,2.15423912616463e-05,2.15423912568567e-05,0.0138722753629404,2.15423862507331e-05,2.15423897582025e-05,2.15423920495988e-05,0.0113761887389486,2.15423800121669e-05,0.811708009657263,2.15423912615706e-05,2.15423912550751e-05
"22",0.000209168788680352,8.99517156667473e-05,8.99516922155335e-05,8.99520150440819e-05,8.99519543099575e-05,8.99516752111884e-05,8.9951692388722e-05,8.99519935713371e-05,8.99516852103735e-05,8.99515932948731e-05,8.99516920917106e-05,8.99517018507868e-05,0.998621458416255,8.9951692108957e-05,8.99516921000249e-05
"23",0.0999670756316153,0.000100676020167341,0.000100676020167388,0.00010067602016734,0.00010067602016734,0.87026740577065,0.000100676020167342,0.000100676020167336,0.00701999789480785,0.000100676020167341,0.0071100791616443,0.0146286813396063,0.000100676020167341,0.000100676020167342,0.000100676020169968
"24",0.000161688077257838,0.000161688077257844,0.000161688077257843,0.0347665506662788,0.00549579160511655,0.692587441249934,0.000161688077257839,0.0390735189659104,0.060780701225535,0.109409557843129,0.000161688077257841,0.000161688077257838,0.000161688077262792,0.0565929338260354,0.000161688077251045
"25",0.000106852394033975,0.000106852394036096,0.0811170191945247,0.00460537647700078,0.000106852394036131,0.875478986726411,0.0214816569957175,0.000106852394036091,0.000106852387564982,0.016248436672905,0.000106852394036108,0.000106852394036107,0.000106852393565028,0.000106852394036106,0.000106852394060382
"26",0.000111404820935776,0.00330991489025034,0.000111404820935771,0.101579508742077,0.185059680924759,0.685283555817678,0.000111404820935773,0.000111404820935771,0.000111404821034919,0.000111404820935772,0.000111404820935772,0.000111404820935773,0.021524294392409,0.000111404820935775,0.00224040184430568
"27",0.000182233370003567,0.126668698043185,0.000182233370003575,0.000182233370003577,0.692048733429021,0.0575077312456972,0.000182233370003569,0.000182233370003575,0.000182233370000748,0.0508147630683731,0.0295364359321645,0.00962084761898364,0.032344923711365,0.000182233370003571,0.000182233361188936
"28",9.08084441449143e-05,0.173588797054117,9.08084441449145e-05,9.08084441457456e-05,0.188556812095213,0.018422411606031,9.08084441449148e-05,9.08084441449123e-05,0.0754118143224514,9.08084441436907e-05,9.08084441245466e-05,9.08084441459484e-05,0.441265163686623,0.101937725238279,9.08084441449143e-05
"29",0.0620150451781157,0.46762459437203,0.0343534133889681,0.124766874700469,0.247354876620832,0.000108614862517953,0.0629076619769016,0.00010861486250054,0.000108614862560797,0.000108614862517954,0.000108614862517953,0.000108614862517954,0.000108614862514209,0.000108614862517986,0.000108614862517954
"30",0.0171933915401056,0.340672033122745,0.000158913085997976,0.552302278875072,0.0447936520983586,0.000158913085997966,0.000158913085997962,0.000158913085997958,0.000158913088584755,0.000158913085997961,0.00015891308599796,0.000158913085959059,0.000158913085887751,0.0110620569793933,0.0325463696079068
"31",0.000146445100992186,0.383897964220616,0.0124508430279172,0.485438176786052,0.000146445100992178,0.000146445100992179,0.000146445100992182,0.0581837561212382,0.000146445101921432,0.000146445100997304,0.000146445100992192,0.000146445100992183,0.000146445100992182,0.0550859641028087,0.00362528983150396
"32",0.000111239065406837,0.365019036209156,0.442646714280278,0.190999380723594,0.000111239065406834,0.000111239065406873,0.000111239065406837,0.000111239065405565,0.000111239067482663,0.000111239065406835,0.000111239065428384,0.000111239065406838,0.000111239065400533,0.000111239065406837,0.000111239065407834
"33",0.170681037042836,0.274029497096906,0.435033920588327,0.101996559683241,0.000169769319581348,0.000169769319581316,0.00016976931958136,0.000169769318890927,0.000169769319574086,0.000169769319581362,0.000169769319581366,0.000169769319581362,0.000169769319581363,0.00933654409055056,0.00739451762260588
"34",0.0438448854927543,0.199640924714682,0.675131625101405,0.0416499537094562,7.401683277051e-05,7.40168327705073e-05,0.0175745119089902,7.40168327705105e-05,7.40168327789233e-05,7.40168327705083e-05,7.40168327705101e-05,7.40168327705112e-05,7.40168344520958e-05,0.0214919475760808,7.40168327765534e-05
"35",0.00023249256462279,0.290361967968749,0.313955848633667,0.0477138623644332,0.000232492564622805,0.000232492564660445,0.0663535949264366,0.170695519125275,0.000232492574301834,0.0539794016634165,0.000232492564622804,0.0136805915224662,0.01886529909939,0.00932616378184416,0.0139052880814916
"36",0.000113478428088866,0.252520965015768,0.424764566212107,0.000113478428088864,0.000113478428088878,0.000113478428540569,0.02459762772185,0.000113478428088854,0.000113478432757788,0.000113478428088862,0.000113478428088864,0.000113478428088129,0.000113478432434907,0.296868578331831,0.000113478428089608
"37",0.268624668577239,0.289611042610758,0.000224413159923536,0.000224413159882472,0.00022441315987006,0.000224413159922296,0.0486504491961275,0.00022441316048987,0.000224413160021497,0.0773301653745426,0.000224413159928028,0.0807348743940071,0.000224413159924061,0.226096760426826,0.00715673414053816
"38",1.80720852207562e-05,0.00836141106933553,1.80720892100864e-05,1.8072090133209e-05,1.80720877389027e-05,1.8072087380595e-05,0.97795264975948,1.80720884815118e-05,1.80720895471766e-05,1.80720877184967e-05,0.00811706463061541,1.80720842317069e-05,1.80720877345753e-05,0.00537008157543313,1.80720877388861e-05
"39",0.0225369425729183,0.000165176176905965,0.000165176177777391,0.000165176177848913,0.279388721062159,0.00016517617777738,0.000165176177777945,0.000165176177792155,0.000165176177848955,0.0230172387921255,0.000165176177936901,0.0505860646797255,0.622819271115803,0.000165176177777047,0.000165176177825409
"40",0.16039563182088,3.0588580279109e-05,3.0588580775264e-05,3.05885803874015e-05,3.05885807793514e-05,3.05885807753916e-05,3.05885807746653e-05,3.05885807753065e-05,3.05885789002544e-05,3.05885807575273e-05,4.17375538826003e-05,0.000440224991885118,0.83440484410118,3.05885807752604e-05,0.00441167572719262
"41",0.240175824486527,0.0672615727367345,0.000119282954398413,0.000119282954453059,0.000119282954423804,0.000119282954431732,0.00011928295438431,0.000119282954727557,0.000119282951266349,0.000119282960174322,0.000119282954388294,0.00642217376013769,0.666454127971609,0.000119282954397996,0.0184934714979459
"42",0.121123415279283,0.000140681473421949,0.000140681473421948,0.000140681473421952,0.000140681473421953,0.792378374989993,0.0471225043663768,0.000140681473421951,0.000140681473436349,0.0206220533526729,0.0110565646389286,0.0008284303029104,0.00574320528244514,0.000140681473421954,0.000140681473421954
"43",0.0001148507869377,0.000114850786937702,0.000114850786937711,0.000114850786937703,0.000114850786937699,0.969424338759697,0.00720214277237448,0.0001148507869377,0.000114850786950994,0.000114850786937701,0.00653467105049714,0.00011485078696089,0.000114850787172316,0.0155754887609406,0.000114850786842172
"44",0.0864594951069833,0.000102852466949258,0.000102852466949259,0.000102852466949256,0.000102852466949265,0.640502291795237,0.0272020968735619,0.170510813709647,0.00010285247296821,0.00010285246694927,0.0668781213567522,0.000102852466949257,0.000102852466949257,0.000102852466949257,0.00752150894925673
"45",0.279227724467878,0.200122270863811,0.00651841120198236,0.000174645000477464,0.000174645000477452,0.233548126645273,0.0722312266323469,0.0728465545910621,0.00144346496449107,0.00887396215721961,0.124140388473069,0.000174645000477454,0.000174645000477453,0.000174645000477452,0.000174645000481235
"46",0.154420968632511,0.0528938176217959,0.000329466638307379,0.00903906876762869,0.443189506497712,0.0537783035402153,0.000329466638307382,0.00775718324660478,0.0530660617012529,0.0108661028768797,0.103339779375928,0.00956949811868212,0.0737384166065433,0.00360197202096667,0.0240803877166653
"47",0.000118561408033998,0.0187501188874387,0.000118561408033995,0.000118561408034004,0.637462935630466,0.0578704271790455,0.0624402535982664,0.000118561408034006,0.00011856140870162,0.191095615126567,0.0268424929784192,0.000118561408539807,0.000118561408043182,0.000118561408034001,0.00458966533434251
"48",0.0140672329198519,0.104127363201942,0.000237520246891184,0.401417319083393,0.288719022334749,0.000237520246891188,0.00023752024689118,0.147673064359066,0.00353447814975252,0.0320061151747395,0.00023752024689118,0.000237520246891179,0.000237520247138248,0.00023752024689118,0.00679276304802078
"49",0.0245199927245156,0.0483513531580487,0.000111963449799311,0.859909264748112,0.000111963449799324,0.000111963449799315,0.000111963449799311,0.0659877914201446,0.000111963449808981,0.000111963449799307,0.000111963449799318,0.000111963451217817,0.000111963449770539,0.000111963449799314,0.000111963449786229
"50",0.000111031031338437,0.0567125221437355,0.000111031031338438,0.697905369134433,0.000111031031338442,0.00011103103133841,0.000111031031338435,0.184388557398178,0.000111031035876987,0.000111031031338435,0.000111031031338437,0.000111031030328022,0.0217616048919098,0.0339113027278206,0.00432136441834887
"51",0.000169516579418328,0.137536389521621,0.449679935515838,0.215590556436406,0.000169516579418332,0.000169516579418512,0.000169516579418329,0.11068155452065,0.000169516580676617,0.000169516579418322,0.000169516579418333,0.0848095094000127,0.000169516579419076,0.000169516579418329,0.000176405389447892
"52",0.000118954485457084,0.000118954485457085,0.54478045726413,0.000118954485457084,0.0406440642007781,0.000118954485457081,0.000118954485457084,0.387896786737945,0.000118954484328022,0.000118954485457086,0.000118954485463644,0.0216870800158879,0.000118954483966004,0.000118954485457083,0.0038020669293018
"53",0.000110823024849091,0.000110823024850096,0.546475329235775,0.277851327025377,0.000110823024849079,0.000110823024849039,0.000110823024849092,0.000110823024849088,0.000110823021137685,0.136871026242113,0.000110823024849092,0.000110823024849088,0.0290587373724576,0.000110823024849092,0.00863534987949759
"54",0.000121357571836391,0.000121357571850151,0.528765299868188,0.124236596741852,0.000121357571846401,0.000121357571846434,0.000121357571846395,0.0001213575718464,0.301986306572746,0.0436768635271631,0.000121357571846412,0.000121357571846384,0.000121357571629647,0.000121357571846395,0.000121357571809567
"55",0.256546709340167,0.000169505712525103,0.000169505712525106,0.0650173787788873,0.000169505712525108,0.000169505712525103,0.0215109198956493,0.00016950571103691,0.000169505713464781,0.181414510396946,0.000169505712525106,0.243037409867072,0.000169505707826706,0.230947520314432,0.000169505711892521
"56",0.71958335472392,0.277646480718617,0.000213089377419761,0.000213089490559254,0.000213090688382623,0.000213089738985574,0.000213089377768826,0.000213090241955095,0.000213089375570719,0.000213089379505838,0.000213089376825211,0.000213089377527432,0.00021308937764699,0.00021308937754501,0.000213089377770279
"57",9.88755507901527e-05,9.88755506667266e-05,9.88755493205914e-05,9.88755505122952e-05,9.88755507901436e-05,0.00073796428087475,0.78145957529377,9.88755507901566e-05,9.88755543589277e-05,9.88755508158448e-05,9.88755507901514e-05,9.88755508600407e-05,0.111411697364915,0.0972330748784227,0.00816893267232342
"58",0.455262289697421,0.0581674047515824,0.00015345234096212,0.000153452340984297,0.259536346236694,0.000153452340971178,0.000153452340988957,0.0126982584498965,0.000153452340968351,0.000153452340314763,0.0125404866146196,0.000153452341832687,0.200414143180808,0.000153452340988953,0.000153452340967389
"59",0.0360705620703705,0.000159980363300352,0.000159980363787197,0.000159979644740104,0.000159980729387368,0.000159981989763974,0.000159980364266818,0.000159980432383066,0.000159980539266412,0.000159980361270031,0.000159980363217692,0.000159980363333426,0.961849691688375,0.000159980363242214,0.00015998036329625
"60",6.66452722701759e-05,6.66452760060259e-05,6.66452759882128e-05,6.66452760082744e-05,6.66452760226564e-05,6.66452760060787e-05,6.66452759828416e-05,6.66452760060455e-05,6.6645283939161e-05,6.66452760103788e-05,0.176156769374501,0.0405566533792199,0.782486833930027,6.66452760060295e-05,6.66452760060287e-05
"61",0.0346621995951667,0.0110603569669501,0.0906703214486678,0.00021179809756259,0.000211798097562589,0.65071627714598,0.000211798097562593,0.00363359468679906,0.0362770002999936,0.000211798097562593,0.0109628396727467,0.0214465491385534,0.0916773760325345,0.047834494524795,0.000211798097562595
"62",0.104609928134138,0.00380042194251969,0.0346538971662389,0.000192522641515756,0.143409917798462,0.581599843341841,0.000192522641515756,0.0231536002356629,0.00845598285730406,0.00320426964280002,0.000192522641515756,0.00019252264151389,0.00019252264149054,0.0959570030320049,0.000192522641476218
"63",0.000107699030407584,0.000107699030407043,0.000107699030407055,0.000107699030407047,0.067244508307433,0.860086722630717,0.0216078474656467,0.000107699030407044,0.0470145427010144,0.00296938859111615,0.000107699030407064,0.000107699030407044,0.000107699030407032,0.000107699030407044,0.000107699030409148
"64",0.000235390211569145,0.00982317059141498,0.000235390211578066,0.000235390211559738,0.85182227145054,0.0267467303624218,0.000235390211594328,0.000235390211401736,0.000235390209737944,0.000235390211516616,0.000235390211571529,0.00472227270282495,0.104021082789715,0.000235390211559737,0.000745960200994616
"65",0.000209669046282375,0.0469910791619677,0.000209669046282377,0.0193390983437211,0.346757786865089,0.249319932564436,0.0901047958041985,0.0203094423851026,0.000209669045506419,0.000209669046282377,0.0200621211182508,0.000209669046282375,0.186530322014172,0.0113608208879265,0.00817625562449908
"66",0.0226252893732289,0.000117157691550065,0.216721379320176,0.000117157691550063,0.636160493863801,0.000117157691550073,0.0838688416207853,0.0354821586419124,0.000117157693160682,0.000117157691550063,0.000117157691550065,0.00408741795620179,0.000117157689898645,0.000117157691550063,0.000117157691534061
"67",0.00016233630337684,0.0958478662554395,0.000162336303376859,0.746075602011278,0.000162336303376849,0.000162336303376837,0.0105926831623318,0.0354859108860934,0.000162336303385156,0.0555479237541805,0.00016233630337684,0.00016233630337684,0.0428364449703634,0.00401576931233904,0.00846144552432799
"68",0.0971156875337388,0.0378133511896774,0.000110143971486807,0.79635430727842,0.000110143971486802,0.000110143971486834,0.000110143971486812,0.000110143971486817,0.000110143973068248,0.000110143971486806,0.000110143971486792,0.000110143971488861,0.000110143971489983,0.0675050703102194,0.000110143971489858
"69",0.000118709424833514,0.0129693024043016,0.000118709424833522,0.92277568502241,0.00011870942483351,0.000118709424833517,0.000118709424833512,0.000118709424829595,0.000118709425581884,0.000118709424833511,0.000118709424833512,0.000118709424833511,0.0513800355083327,0.0114103272522478,0.000277555563628277
"70",0.0480359475880221,0.000155171010081586,0.194420356985264,0.643710983998181,0.000155171010081595,0.000155171010081578,0.0264774732270049,0.000155171010081581,0.000155171010006976,0.000155171010081586,0.0023436623890014,0.000155171010044698,0.00380010960272644,0.0759270454389867,0.00419822370035352
"71",0.108531940393499,0.0335818825703124,0.617289025377321,0.170684549945973,0.000157470613475876,0.00015747061347586,0.000157470613475864,0.0159613357887629,0.000157470612940556,0.044542432348444,0.000157470613475864,0.00814906867211006,0.000157470609792561,0.000157470613475875,0.000157470613464408
"72",0.0556596187193499,0.0513135019319023,0.443044341657001,0.132776656267212,0.000308826272119648,0.000308826272119662,0.0322687921249321,0.201997597312453,0.0101354087891116,0.0187650263095041,0.0353161281997588,0.000308826272119658,0.00526855123495781,0.000308826272119658,0.0122190723653378
"73",0.000116716110767716,0.000116716110766777,0.982030063427319,0.000116716110766787,0.00011671611076678,0.000116716110766776,0.0164526271340797,0.000116716110766778,0.000116716109422757,0.000116716110766774,0.000116716110766778,0.000116716110766778,0.00011671611074646,0.000116716110766773,0.000116716110763022
"74",0.281591044748942,0.115696852911797,0.000138962563702401,0.000138962563702399,0.0001389625637024,0.000138962563706007,0.000138962563682166,0.231379859815417,0.000138962562266822,0.000138962563702401,0.00573325840645279,0.0222272125173466,0.0134581303498333,0.328801940741982,0.000138962563764751
"75",0.684756343675367,0.000164561868582271,0.000164561853918718,0.00016456316251175,0.000164564626105246,0.000164561879546447,0.000164562003141665,0.000164563215606177,0.000164561856287034,0.000164561861666872,0.000164561869000541,0.000164561876085058,0.313104346514405,0.000164561868891113,0.000164561868885505
"76",0.000156360348869243,0.000156360348806658,0.000156360348734958,0.000156360348926449,0.880405886227447,0.000156360348885323,0.0470380010218128,0.0112703137925567,0.000156360349201397,0.0578429995227513,0.000156360348911593,0.000156360349413413,0.000156360348599347,0.000156360348885308,0.00187919594619903
"77",0.620599898307944,0.000203937522402147,0.000203937522362234,0.000203937522398089,0.224655212245426,0.000203937522394688,0.000203937522394684,0.034494449815312,0.0301212167751845,0.035839068475096,0.00020393752239468,0.000203937522398748,0.0160347303912636,0.000203937522394686,0.0366239238106339
"78",0.164645454648857,2.9418193560094e-05,2.94181939045525e-05,2.94181935589297e-05,2.94181935574435e-05,2.9418193562469e-05,2.94181935560281e-05,2.94181935600921e-05,0.0246130988972751,2.9418193560094e-05,2.94181935600943e-05,2.94181935560252e-05,0.74061630390465,2.94181935600586e-05,0.0698015424197213
"79",0.147675679912708,0.00347372055614149,2.74922457013451e-05,2.74922456981535e-05,2.74922457036951e-05,2.74922457036792e-05,2.7492245703696e-05,2.74922457038026e-05,2.74922456978824e-05,2.74922457036989e-05,2.74922457036913e-05,0.124979525928334,0.723568658900089,2.74922457037069e-05,2.74922457036973e-05
"80",0.0004307795076234,0.040337024281383,9.75842991808888e-05,0.000165857757738063,0.145438623503035,0.746187146868607,0.0381077053738847,0.0119647792018706,9.75842990253456e-05,9.75842991808781e-05,9.75842991808821e-05,0.00889563382753503,9.75842991808778e-05,0.00333978441428991,0.00464474376828506
"81",0.000100598998245186,0.00129360670750643,0.000100598998245188,0.000100598998245192,0.000100598998245185,0.951287304453964,0.00112945926437328,0.000100598998245189,0.000100598998272111,0.00120584304564396,0.000100598998245182,0.00171834415801057,0.000100598998245173,0.0424600513862682,0.000100598998245186
"82",0.129518569200582,0.0965088883198003,0.111887755052498,0.000177623171284212,0.00242898351112591,0.251151439871242,0.000177623171284206,0.400156105450772,0.000177623171367662,0.000177623171284205,0.00349370076252064,0.000177623171284206,0.000177623171256024,0.000177623171284207,0.00361119563241534
"83",0.123922674287086,0.108922371274419,0.000323296673325664,0.127107129933886,0.129945304250042,0.0155308382392217,0.000323296673325663,0.201517257433675,0.0840824514243274,0.000323296673325665,0.127295926332538,0.0512797434052293,0.0287798200528924,0.000323296673325663,0.000323296673380994
"84",0.063283062924373,8.66900169022408e-05,8.66900172972873e-05,8.66900172972982e-05,0.85766444417652,8.66900172972996e-05,8.66900172973068e-05,8.66900172973092e-05,8.66900193845573e-05,0.000521879206878259,0.0775770235042572,8.66900172992534e-05,8.66900172861767e-05,8.669001729731e-05,8.66900133154375e-05
"85",0.101115950743974,0.0852505453615781,0.000172642566567363,0.159718750014142,0.476382295467417,0.00017264256656737,0.000172642566567356,0.0118468579650259,0.000172642566633688,0.000172642566562407,0.000172642566567362,0.000172642566726819,0.151807092525016,0.000172642566567354,0.0124973673900876
"86",0.0221607294349104,0.000139133939636029,0.000139133939636023,0.644982912122013,0.10898371406709,0.000139133939636018,0.000139133939636025,0.00199180990359305,0.191169444726436,0.000139133939636026,0.000139133939636029,0.000139133939636026,0.0281582650010447,0.000139133939636026,0.00144005322782484
"87",0.055791129627774,0.000107901801320708,0.00010790180132057,0.930289547357046,0.000107901801320596,0.000107901801320601,0.012624501395464,0.00010790180132057,0.000107901805187649,0.000107901801320566,0.000107901801320553,0.000107901801320567,0.00010790180133055,0.000107901801320566,0.000107901801312898
"88",0.00011022163695363,0.073094164200476,0.000110221636953621,0.885242315700135,0.000110221636953637,0.000110221636953633,0.000110221636953632,0.0216529327159121,0.000110221639704867,0.000110221636953692,0.0187981493742167,0.000110221636960228,0.000110221636965698,0.000110221636953631,0.000110221636953542
"89",0.000176188009678075,0.0619838001012448,0.460970698511176,0.295506676551763,0.000176188009671701,0.000176188009671764,0.000176188009671699,0.000176188009671701,0.000176188009662678,0.0172181753986083,0.0058457741354639,0.000176188006973283,0.11028487872401,0.000176188009671696,0.0467804925030629
"90",0.0105545243740494,0.000106258936349188,0.93313526516047,0.000106258936347876,0.000106258936347869,0.00010625893634786,0.000106258936347867,0.000106258936347868,0.0116627271787179,0.000106258936347868,0.000106258936347834,0.000106258936347872,0.000106258937366491,0.0434786349811542,0.000106258941110453
"91",4.68127475533684e-05,4.68127476845844e-05,0.330040546022258,4.68127476627745e-05,0.0109588493683604,0.0433680966200538,4.68127476627673e-05,4.68127477744478e-05,4.68127473210714e-05,4.68127476627664e-05,0.00896868409370054,0.00394208062923896,4.68127500507423e-05,0.602300428537489,4.68127455262778e-05
"92",0.203481484878882,9.68333384336039e-05,0.772107231242128,9.68333384336062e-05,9.68333384336015e-05,9.68333384337238e-05,9.6833338433602e-05,0.00287657424407889,9.68333368414541e-05,0.00993600261268403,9.68333384336023e-05,9.68333384336022e-05,9.6833338428911e-05,0.0106303736394847,9.68333384365288e-05
"93",0.38567033358437,0.000206613739799792,0.000206617044526134,0.000206612528144854,0.000206615098968717,0.000206613738848854,0.000206613923443404,0.000206613739764448,0.0163666956442456,0.000206613747744675,0.000206613739821084,0.000206613741725527,0.000206613739798023,0.595483602264785,0.000206613724012929
"94",0.000134537291043662,0.0314272238135654,0.000134545913717684,0.000134552756815316,0.00013452774856084,0.000134566798416716,0.000134537297815275,0.000134604500838861,0.00013453756973023,0.000134537257018098,0.000134537291365034,0.000134537324767805,0.966823679854215,0.00013453729107815,0.00013453729105175
"95",0.00833165635115983,0.177927258208918,0.000215017770847252,0.00021501777084731,0.102932226010986,0.0698525085747152,0.417312905669738,0.0140195703679931,0.000215017768632904,0.0276192053938854,0.112112361128171,0.000676632021684254,0.0523287282680079,0.000215017770847315,0.0160268769235664
"96",0.496208010275312,0.000101812190064656,0.000101812190053078,0.000101812190056807,0.000101812190048921,0.000101812188867402,0.000101812190064624,0.000101812190107134,0.000101812190117128,0.000101812190125568,0.0043338485246408,0.000101812189525339,0.498236394920888,0.000101812190064628,0.000101812190064636
"97",0.210117778981649,4.81539435199112e-05,4.81539356927028e-05,4.81539356219231e-05,4.81539356357946e-05,4.81539356703805e-05,4.81539356674178e-05,4.81539356509169e-05,4.81539347204623e-05,4.81539362121434e-05,4.81539356703425e-05,4.81539329142929e-05,0.789256219850034,4.81539356703179e-05,4.81539356703407e-05
"98",4.10836055938642e-05,0.0037564563288756,4.10836055938654e-05,4.10836055940041e-05,4.10836055938703e-05,0.296463246901825,4.10836055938639e-05,4.108360559346e-05,4.10836035469755e-05,4.10836055938581e-05,0.0751533569342443,4.10836059201892e-05,0.624175020175243,4.10836055938462e-05,4.10836055946167e-05
"99",0.000105811858521899,0.000105811858521878,0.000105811858521902,0.000105811858521859,0.000105811858521826,0.734154891024407,0.00197612034585945,0.000105811858518604,0.011821560714878,0.000105811858521879,0.000105811858521886,0.000105811858521876,0.1375641864936,0.11342512283604,0.000105811858522263
"100",0.0941205977010273,0.000972374220097743,0.0268320055102471,9.77967712188878e-05,9.77967712188885e-05,0.715701453892148,9.77967712188866e-05,0.157986011552397,9.77967712018403e-05,9.77967712188856e-05,9.77967712188926e-05,9.77967712188871e-05,0.00350738618313074,9.77967712188861e-05,9.7796771218887e-05
"101",0.000111193569520799,0.000111193569523909,0.000111193569525242,0.0578422158116072,0.000111193569525219,0.666060053938234,0.0546399596689376,0.0658883804615424,0.0147039638808495,0.000111193569525213,0.000111193569525216,0.000111193569996879,0.13877759042541,0.000111193569525213,0.00119828725675176
"102",0.173004260022705,0.0112736336259232,0.0164344371436908,0.0432150934566975,0.0749903622622045,0.172023207003489,0.00785102659661421,0.000138284492914681,0.331295399666858,0.000138284492914681,0.000138284492914681,0.0832137021419258,0.0858218704184929,0.000138284492914683,0.000323869689740146
"103",0.0497125054940958,0.000424189867088422,0.000101762312757462,0.000101762312757468,0.717396423403644,0.000101762312757461,0.000101762312757458,0.160251355095732,0.000101762312795771,0.000101762312757459,0.000101762312757428,0.00010176231275746,0.000101762311671758,0.0711979030129287,0.000101762312741214
"104",0.0281816923665041,0.00017258821106196,0.000172588211061959,0.109069845019971,0.217271627230401,0.000172588211061968,0.00017258821106196,0.261984041957091,0.000172588213986299,0.000172588211061956,0.147958075211939,0.000172588211065672,0.124018745255301,0.108152232342929,0.00215562313550265
"105",0.0892377704834005,0.000158337105800054,0.000158337105801526,0.690836534406725,0.0115533241950194,0.000158337105801523,0.000158337105801523,0.15520608430199,0.0232855341596242,0.000158337105801522,0.000158337105801524,0.0284557185010265,0.000158337105814564,0.000158337105801524,0.000158337105791458
"106",0.0230456956686976,0.0531344326961826,0.000163650140876806,0.68678893949047,0.000163650140876809,0.000163650140876804,0.000163650140876802,0.167045771514411,0.000163650139327133,0.000163650140876802,0.0245696681089795,0.00771939946313276,0.000163650147446545,0.0336841195349316,0.00286642253203725
"107",0.000106604008415642,0.0577385021513783,0.000106604008415633,0.752358408399489,0.000106604008415642,0.000106604008415644,0.000106604008415641,0.000106604008415635,0.133101589132458,0.000106604008415641,0.00010660400841564,0.0556288562241058,0.000106604008410981,0.000106604008415636,0.000106604008417268
"108",0.0800343338696847,8.87926581712519e-05,0.596386178330192,0.180556757421007,0.0486266964228599,8.87926581712455e-05,8.87926581712501e-05,0.026480359452939,0.011922693395607,0.0266449275351772,8.87926581712559e-05,0.0211259344339946,8.87926603617247e-05,8.8792658171257e-05,0.00768936318732132
"109",6.01572206778604e-05,6.0157220677861e-05,0.866277507341734,6.94530622214386e-05,6.0157220677865e-05,6.01572206778666e-05,6.01572206778635e-05,6.01572206778624e-05,6.01572232875292e-05,0.0969139323578737,6.01572206778567e-05,0.0360773778080916,6.01572206764645e-05,6.01572206778576e-05,6.01572206922765e-05
"110",5.84217460019902e-05,5.84217464074216e-05,0.859976903012557,5.84217464074265e-05,5.84217464074139e-05,5.84217464074315e-05,0.0462313611017963,5.8421746407416e-05,5.84217464151869e-05,0.0693397292075287,5.84217464074184e-05,5.8421746407418e-05,0.00983327492362542,0.0140345142908159,5.84217464074183e-05
"111",0.000154036006264438,0.000154036006266067,0.742356126662335,0.000154036006264445,0.015066984192245,0.000154036006264433,0.0914441292110859,0.00461697891343002,0.000154036005321343,0.00015403600626444,0.00015403600626444,0.00119300839716647,0.000154036006269508,0.143936448568295,0.000154036006264438
"112",0.290926857430428,0.532795200459983,0.000153607780742016,0.000153607780742014,0.000153607780742021,0.000153607780742029,0.000153607780742028,0.000153607780744272,0.000153607782406197,0.000153607780742032,0.00792773192089699,0.0648059834380688,0.000153607780742269,0.0749545495391582,0.0272072071831201
"113",0.175944585147956,0.00515194758858027,0.0219617985742622,0.000246735740657515,0.000246735740655565,0.000246735740646043,0.000246735740646086,0.474461164508246,0.000246735740647939,0.132121071072473,0.000246735739039675,0.000246735740646084,0.000246735734755623,0.140137419582008,0.0482481276087807
"114",0.527062626119698,0.000133949378941701,0.000133949376332831,0.000133949378937297,0.000133949378952182,0.000133949378713163,0.000133949378926595,0.000133949378941713,0.14454342602434,0.000133949378985081,0.000133949378941712,0.00013394937895031,0.326786555311455,0.000133949378941701,0.000133949378941713
"115",0.053794662617763,8.03559498374482e-05,8.03559500732326e-05,8.03559498107398e-05,8.03559498151752e-05,8.03559498407028e-05,8.03559498078514e-05,0.0249474438181224,8.03559522314893e-05,8.03559497076233e-05,8.03559498182023e-05,8.03559498728496e-05,0.920293622163654,8.03559498225645e-05,8.03559498225597e-05
"116",0.000166599128285339,0.0504243241866681,0.000166599128285344,0.10172983492287,0.0172541807821032,0.702767105217516,0.000166599128285343,0.000166599128285345,0.000166599126993562,0.000166599128284376,0.000166599128285344,0.00638032993516707,0.0914455936884928,0.0271934705292414,0.00163896684123679
"117",0.000104285284465722,0.00010428528446572,0.000104285284465727,0.000104285284465723,0.035035078298303,0.941465799388646,0.000104285284465716,0.000104285284465727,0.000104285290305449,0.00010428528446572,0.000104285284465719,0.00010428528446572,0.022247698894588,0.00010428528446572,0.000104285283500985
"118",0.0475008213730427,0.0001065035321833,0.000106503532183317,0.000106503532183303,0.000106503532183306,0.951114632716183,0.000106503532183299,0.000106503532183306,0.000106503527100063,0.000106503532183305,0.000106503532183312,0.000106503529655513,0.00010650353218584,0.000106503532183297,0.000106503532183306
"119",0.000114794453917243,0.06338882090546,0.0923476081179093,0.021761263128143,0.000114794453917248,0.81106612626984,0.0102882370406771,0.000114794453915105,0.000114794453918813,0.000114794453917247,0.000114794453917247,0.000114794452718089,0.000114794453917245,0.000114794453917246,0.000114794453914963
"120",0.0253423809986537,0.083624047477126,0.000233519155176485,0.000233519155176493,0.436597550339326,0.000233519155176481,0.000233519155176487,0.0424501409437718,0.0741698290842313,0.00023351915486298,0.147490620650084,0.000233519155176486,0.176604117379967,0.000233519155176486,0.0120866790409183
"121",0.000149554062697122,0.000149554062697118,0.000149554062697116,0.000149554062697115,0.210848927773984,0.255893293928517,0.000149554062697118,0.356119858998704,0.000149554062437024,0.0177508123382033,0.0145488685447952,0.000149554062697117,0.0515069648642825,0.0921348410501973,0.000149554062697071
"122",0.0654850598509415,0.000134381532309645,0.0369190671728163,0.55172192959877,0.243112656332934,0.000134381532309647,0.00449042170277762,0.000134381532309642,0.000134381532351997,0.000134381532309646,0.0728793159501335,0.00013438153230965,0.000134381531620342,0.0238971580702512,0.000553720595855241
"123",0.0777409705831351,0.0814831173457845,0.000178380629853766,0.74281990544026,0.00599983996699115,0.000178380629853761,0.000178380629853759,0.000178380629853758,0.000178380630139154,0.00648393436666606,0.0214868118976696,0.00511299726692261,0.0536788717976599,0.00412326755550544,0.000178380629851859
"124",0.0865246969037233,0.000162824169461163,0.000162824169460888,0.57072257004831,0.000162824169460886,0.0107031789224516,0.000162824169460886,0.00836994594421579,0.132486493895424,0.000162824169456432,0.0369240764355286,0.000162824169460881,0.146734010766054,0.000162824169460889,0.00639525789807085
"125",0.0001521961782331,0.0325503682589499,0.602937853449448,0.297768852959251,0.00015219617823309,0.000152196178233113,0.000152196178233095,0.000152196178233096,0.000152196178188356,0.000152196178233093,0.000152196178233093,0.000152196178147986,0.00242330443182731,0.062797659118306,0.00015219617825024
"126",0.0133436216454977,0.131014206370148,0.779174206064617,0.000167139417705493,0.00016713941770549,0.000167139417705631,0.000167139417705493,0.000167139417705482,0.0104059194646611,0.000167139417705482,0.000167139417705482,0.000167139417705481,0.0378084504720325,0.00016713941770548,0.0267493412236943
"127",0.0715918474911838,0.0111153240004267,0.412321367221052,0.000161334400079017,0.000161334400079014,0.00111558104305513,0.0594416291554833,0.436023977297552,0.00016133440008078,0.000161334400079017,0.000161334400079015,0.000161334400079007,0.000161334401812237,0.000161334400079015,0.00709959858888098
"128",0.127563367589971,0.0444934423976052,0.656866308015705,0.000128892879524207,0.000128892879524204,0.00012889287952421,0.000128892879524209,0.00012889287952421,0.150418688013079,0.0110674295356357,0.00843072853228572,0.000128892879524206,0.000128892879524207,0.000128892879524204,0.000128892879524207
"129",0.000102856489013577,0.000102856489013577,0.624952941256377,0.000102856489013578,0.00419680170997229,0.000102856489013587,0.000102856489013577,0.000102856489013578,0.000102856489032828,0.059439013452036,0.0218606677944914,0.128508867863559,0.000102856487291601,0.160115999524164,0.000102856488993974
