,ExcitatoryL6,ExcitatoryL2/3,Olig,ExcitatoryL4,Endo,Astro,ExcitatoryL5,Inhibitory Pvalb,Inhibitory Sst,Other,Micro,Inhibitory Vip,Smc,Npy,HPC
0,0.01581149982724892,0.00015571965145851064,0.00020903863070427831,0.0009694165219050876,0.016021853988922648,0.030993381181878974,0.00014123147075543302,1.2884181926242141e-05,0.10423424246637993,4.0729986972442036e-05,9.144291315719128e-05,5.101943201945889e-05,1.050201147771988e-05,4.5597929442624295e-05,0.8312114398057505
1,0.0036488105522853014,8.959198653644274e-05,0.05115982253327936,0.00011858406915704638,0.11946802140479874,0.1231217685250597,0.00010343463591356848,1.4802061364542996e-05,0.23857026526928887,0.00016835063412607286,0.46287337757883945,0.0006206504952759007,2.1075458042032807e-05,2.015047511502447e-05,1.2943209179307526e-06
2,0.0027977404778208093,0.00029959687993342496,0.5138753127199549,0.0002383307414816709,0.03940781639976543,0.08856740280484199,0.00020027207621513764,9.497014177466737e-05,0.0007619198792370722,0.002978978142374987,0.35048631445296663,0.00015347738259847724,4.0226341769271416e-05,3.651428833728081e-05,6.112727092828648e-05
3,0.0007566303994227037,0.0003247637053441457,0.6560351047497562,0.00020534741845724426,0.00017628955723267343,0.3417769211111469,0.00012699599123304603,7.884889250651389e-05,0.0002474552457715265,0.0001064277296460966,3.1197209122546455e-05,2.3181656811442017e-05,2.909689694169219e-05,6.41031050716673e-05,1.7636331535543056e-05
4,0.40637573654993725,0.0007222272787277914,0.025907428903434424,0.00035491170922420044,0.00022331979629137372,0.0009074334875209779,0.00034892786177077666,0.00017580711051854082,0.3989026639011029,4.363950836172157e-05,0.16596921468827477,2.7001797398235537e-05,1.541287475368343e-05,1.2002843683919574e-05,1.427168899944097e-05
5,0.7532659575291831,0.0038461205166969215,0.0005289685049831338,0.020494739606455672,0.0016365322515591104,0.0027730502656174456,0.0003360935188226902,0.0009251919545806428,0.0005090847661973961,0.20597993632087366,0.008944711802877694,0.0004872935405677236,7.5420158813129e-05,6.122479697508584e-05,0.00013567446579655577
6,0.8542495013819958,0.10414058631601152,0.003006093486949315,0.010474153993453523,0.003331590505662891,0.009400003917231852,0.0021165581373066185,0.0036471596184582985,0.0024946834789872116,0.00027933912151866,0.004101841886934113,0.00044317815883952624,5.55328211876844e-05,0.0006296139080052645,0.0016301632674576877
7,0.2100926744948278,0.08423490667735163,0.05686961596281812,0.0004534402705247365,0.16087908091335806,0.00576426340632626,0.47639638669542,0.00030527154683254943,0.002951539720707541,0.00032084163991553835,0.0012382827027986498,0.0003648033183835649,6.921528826637619e-06,0.00011618949017711475,5.781631731762546e-06
8,0.2639533490464004,0.05419432211250275,0.10555386807752266,0.0578326868234508,0.06423110188087612,0.0005991626600510123,0.3629366303767643,0.08002233094728245,0.008440719290738155,0.0007385280646352615,0.0004216269638190824,0.0006335869380966606,0.00026575991983294,5.1413131793684836e-05,0.00012491376623371506
9,0.10554383808894685,0.00594312444058778,0.07537112869905342,0.0005543238729990024,0.0689210404318968,0.07483736149287479,0.6633861350007775,0.00016037453236978968,0.0012493874493855785,0.0002385485133911434,0.003045171175653517,0.00017053893843449488,0.0003242952201940972,0.0002480540457075868,6.678097727622654e-06
10,0.03612402533070967,0.0003799583515574905,0.0011769780774144403,0.2732047191284461,0.02402336169173866,0.0009271784397944088,0.3646026712106602,0.21787744171283294,0.02929292686828743,0.049910724997931984,0.002193295545681002,0.00011136394158316697,1.707368814374977e-05,3.800905446798923e-05,0.00012027196075074085
11,0.0020549301496547955,0.00023606679845345814,0.0002158161959697447,0.5398086046457163,0.1237798614361795,0.001879615717418386,0.0007747913863804074,0.0006224325902856138,0.32943465158470503,0.00039547717242095125,0.0001484116098572648,0.00018622998812047235,0.00016417744540512595,0.0002955012434336702,3.4320359992516693e-06
12,0.015139276029665229,0.08564202241054321,0.003829097226409385,0.8202486681191571,0.001959965858976333,0.018347019590434763,0.0007961056130699918,2.5381343894040065e-05,0.0016810642601043572,0.00021654170248740134,0.051937538791725156,0.00012360460899223533,1.970230402733973e-05,2.8917885889716197e-05,5.0942546237763285e-06
13,0.022427757390842303,0.4268680232553539,0.0008841439894951947,0.5123104461479692,0.02826934799874722,0.0009612541110347071,0.0026619501307151372,0.0012480211902052792,0.00122461979265768,0.000941618235820837,0.0013334225577274319,0.00020219603780243458,0.00022154706760825526,0.0001416169458510347,0.0003040351481693887
14,0.0004026649540686709,0.14504518824466064,2.6525407860657555e-05,0.0013926698517001043,0.04385349397289156,0.0001262421601925745,5.4460718225163497e-05,1.3868806064893095e-05,0.6728671927102531,0.00016887793893313955,0.13594942366803697,6.714901454789099e-05,1.8401413243632566e-05,8.68671359712934e-06,5.1544257238522324e-06
15,0.0059569507187484955,0.6901223638421482,0.0013276740820146178,0.05427768564823699,0.22301333236776671,0.007864417729934755,0.0004463892404169995,0.0012776478212837982,0.005720969004987083,0.0019065010420718843,0.006457879184253908,0.0002179868237403501,0.0009287356490983318,0.00010166757847610648,0.00037979926682172785
16,0.030566444016232677,0.18505338763091303,0.0015922761020150744,0.0886599689505955,0.16225619641629127,0.07239014101837006,0.00015543962012161354,0.00035861027335338543,0.0010666737517193235,0.0017398293481825798,0.01896851336598564,0.43697812404959485,1.8552212494874742e-05,0.00014453123547715512,5.1312008652950365e-05
17,0.054452738686375124,0.07222511425900917,0.00012815164171023322,0.0006597428905194844,0.10051815010400968,0.00014306841933786816,0.0001588199113624158,0.00023946546288511122,0.00025964016991662564,0.0005649970360281329,0.0006864301552558778,0.7698403967270481,2.725058268813609e-05,7.124410927950054e-05,2.4789844574621044e-05
18,9.201535096052974e-05,8.856932041463769e-05,0.00022966464370897046,0.00012808196997213136,0.019230208681378605,0.012537270443702966,0.0001245908911686788,5.359412152447344e-05,6.649488264233012e-05,0.8616473960377349,0.10569586821881415,7.177732645294825e-05,6.270864745626419e-06,2.1366311774147835e-05,6.830935004925894e-06
19,0.00020552169530279948,9.096377137723299e-06,1.3239740305599615e-05,0.00013070481997155326,0.00010366963177657466,0.08966204006343784,4.207877763601498e-05,4.4961116877168395e-06,4.910098494688768e-06,0.09659699409648513,2.469725729386542e-05,0.8131112465176058,1.2193243289813156e-05,6.65385163939692e-05,1.2573053180968713e-05
20,9.72485340286123e-05,0.00018050354833881098,0.07217248188295017,0.0003456158782973577,0.03153690700684897,0.19608965780314622,0.000226714951770989,2.6642994028526e-05,0.6459537948327703,0.0010817005628983832,0.05220634538487752,5.627513371719633e-06,3.8947489945116506e-05,3.479435681166089e-05,3.017259915696511e-06
21,0.0003290579729723232,0.0005490673247336723,0.6265462019390982,0.001031702736177612,0.0002660937355040756,0.22841591791923635,0.00021532533724473777,0.00010092581032234827,0.0005055687361603489,0.00024108899200154347,0.14163275878602413,0.00011539394653228742,7.653848879560834e-06,4.041507962602958e-05,2.8278354868281895e-06
22,0.0002513774455998733,0.00024652099896242804,0.9953162514508082,1.1676552598184796e-05,0.0004527997178443831,0.00016443934291640196,0.0019826152991026364,0.0002300885175926912,0.00011553849402030405,0.00023266387858109742,0.0007596510072050128,9.243873129068035e-05,5.2039113987842536e-05,5.0419591829064874e-05,4.147985766129251e-05
23,0.7879277389093063,0.0011216250042125505,0.0021423937410327944,0.01145503325200539,0.002958593420847882,0.18260712156328576,0.0014380121692094492,0.001140109027680252,0.0009182425708918162,0.0006617876567264753,0.005807180063069445,0.0009343168505720242,6.018793116256958e-05,0.0006861135863977951,0.00014154425359942305
24,0.25996877025534665,0.0013133559329696917,5.840601087673728e-05,0.0066517090010752645,0.04814342252510982,1.680089361605715e-05,0.00011539084979588457,5.408205527334401e-05,0.12092867444808596,0.04501097693320802,0.00037675313857726014,0.5171445395849543,7.111188864628779e-05,0.00013857783893645218,7.428643528300009e-06
25,0.9312240546769258,0.046582806439744925,0.0009758291534515273,0.004826990117244836,0.00020579119598779835,0.0004909285270757214,0.004159987336249244,0.0020603534889070876,0.007261983378388542,0.000492689026513776,0.0001663622529998395,0.0009199642586248874,0.00018723607605419595,0.000272348321522466,0.00017267575030936437
26,0.5566983491876132,0.006328922862684781,0.015573256054832736,0.09818870470894758,0.07820098007985422,4.959459724460143e-05,0.23118181526091283,0.00013171631087440723,0.012809949155374152,0.00021049558651574078,3.287346476711898e-05,0.000139674867382651,1.566285494867989e-05,0.00038558505367537483,5.241995437195623e-05
27,0.07466489898967077,0.0020407008098945636,0.000734144165644642,0.006591632215193816,0.12803038370609637,0.002281272360349095,0.5767524299722318,0.00011239171365261052,0.0015297625922570108,0.00025334831104671294,0.20448630215492067,0.0016551567435068762,0.0002466433963248251,0.000588722715218133,3.221015399212263e-05
28,0.020398747175301744,0.038123423023161365,0.2094970168563931,0.0010976735816269595,0.20110741032289017,0.0009517676167289858,0.1172397876725071,0.00013785983244614958,0.19498137981668506,0.21567673343608545,0.0002739941217047518,0.00035210683342785384,5.830552742998107e-05,9.953586416614526e-05,4.2583194451322384e-06
29,0.09815070991198148,0.00461285146534194,0.002736614382120749,0.1014778389013663,0.5759713470425877,0.06298601351799558,0.15316935105055465,0.00045117133594597036,0.00013697963076849662,5.6161762916496355e-05,8.036604109103762e-05,6.356817645357672e-05,5.364522378393881e-05,4.838339731793096e-05,4.998159774109528e-06
30,0.011146717843732383,0.006519056690602094,0.003975956499748343,0.36278666362826945,0.5132754572241583,0.007429550701848225,0.08930936448064795,0.00029778039484294587,0.0015705850091641018,0.0020104392392241398,0.0005215260133046253,0.000936949669881827,5.583415544102375e-05,0.00013740954169100272,2.670890744350025e-05
31,0.0383823218118856,0.0034518136170625805,0.0018432907190131555,0.32586800847193836,0.5955022845586083,0.013187405577405041,0.0003598651458920798,0.001297927165416197,0.01570531867364443,0.0005062999782470174,0.0033584366020603484,6.633066373737272e-05,0.0002517449453602487,0.00015147164780472585,6.748042192455807e-05
32,0.0031877808907872307,0.24096401939645906,0.0009729371240057945,0.1871782020202727,0.5609839694426053,0.0006112324603192008,0.0032699145438015165,0.0001288820207187541,5.6170822744479654e-05,0.0011117393335332022,0.001055137616958927,0.00033541724353228523,7.771144653460427e-05,2.684909732502324e-05,4.003654040190235e-05
33,0.05235766991706359,0.24617181255658074,0.002551827848232901,0.07218856477295879,0.46920221029748177,0.15644672167443108,0.0001581021414107337,0.00015888669042201365,6.22900688855741e-05,0.00025787994493970697,0.0002590399539861982,0.00010018848357498273,3.925069425581954e-05,2.8267292217532533e-05,1.7287663558552386e-05
34,0.004617027379425044,0.45942095822590473,0.04915487787957198,0.10298069827869487,0.3458239571180816,0.03188532986346726,0.0011107310570272204,0.00011318751528931035,0.00027866046610375565,0.0035008142906848105,0.0003822930717075894,6.484233074994425e-05,0.0002494851798267514,0.00039527332110991353,2.186402235519668e-05
35,0.030996021612113824,0.1804165788637742,0.007198984011851717,0.05113337189159723,0.30178509887063826,0.0007906791557667157,0.0008715652706932298,0.42375322496594475,0.0004471982739507499,0.00037839693243863306,0.00023731430542397368,0.0013530748717156297,0.00013824627182624052,0.0003544923038512785,0.00014575239841360858
36,0.0013318061475751553,0.15249978918105453,0.0004069444680253207,0.001397431437578933,0.21487110805152132,0.0036633257381179407,0.0009013780916622898,3.928113930176785e-05,0.00027463227349857814,0.6230330540441479,0.000834510107783932,0.00038131788214165133,0.00019421653692196775,0.00011521439900848848,5.599050166022604e-05
37,0.011857826569596273,3.3916908878716786e-05,0.014944343078366864,2.3264408887476567e-05,0.20651126488696095,0.14693769337336166,9.633216966651087e-05,0.00023705755802459863,0.05492886575340901,0.3496679410300081,0.0005454154540165805,0.13203923614791674,6.445949785059056e-06,0.08216393115274444,6.465558377043221e-06
38,0.010554789111771726,0.0009770764685513261,0.00015055874098810043,0.012076472414227577,0.016185492626356268,2.363751388288302e-05,8.953387998255651e-05,6.284430218324572e-05,0.007266390288836545,0.030547490362964964,0.027986518126176353,5.2138981838146975e-06,4.22554667614215e-06,1.2342358600955743e-05,0.8940574143606176
39,0.044488478449681755,0.0015212125454527267,0.5050667493695064,0.0021234426003399684,0.0006247183678222241,0.0063244913720596424,0.4318008641153718,0.0015594212578114745,0.00014073822795096036,0.004132687312510444,0.0009460154153887503,0.0006546668341958785,3.397424860383279e-05,0.0005690842721162485,1.3455611187991138e-05
40,0.0009479216380080417,0.00024693536697328514,0.8136622129698382,0.00013103853375572561,0.0021369579414284878,0.1794399130552433,9.234197694323211e-05,3.68492134733248e-05,4.335045612247547e-05,0.0013515637535513282,0.0014411691657516767,0.0003026146128244273,0.0001460713566800111,1.4936216309235872e-05,6.1237430972618326e-06
41,0.0013173720829391838,0.0006182991933347023,0.49792559724697083,0.0002840664077492621,0.18444331197532787,0.3143097801151858,0.00019265426926351082,0.00017573073952683902,3.497500953342264e-05,0.00013124954822426403,0.00016857776922715704,5.432369245340238e-05,0.0001365529742889449,0.00019186874982036234,1.564022615447075e-05
42,0.7278279618844178,0.008006174888369444,0.0640163478393074,0.002134158368129514,0.0009446130064150901,0.1866281792522927,0.0022729964216833707,0.0012784664636717928,0.0019431839008312761,6.391005738479528e-05,0.0037935875987536553,0.0006110786525515383,0.000282227202262807,0.00016104309268895705,3.607137123991662e-05
43,0.8335642680263374,0.05228311305611116,0.00010399790881615176,0.03504764762662425,0.0029071641359412845,0.00016655697880427892,0.0001237959659501335,0.00015195835204374864,0.0001800935594650664,0.000979693800858526,0.07424931949339596,8.120627620293019e-05,1.4554085510638968e-05,0.00013909317601543274,7.537557922997284e-06
44,0.3190115983299059,0.005328308437894578,0.003944178192666108,0.021673944848213902,0.009349073475605508,0.05842569391567993,0.002737067366838625,0.22936325119037898,0.001534351633988931,0.00014626987976775228,0.3478423571426409,0.0002011056092512907,8.80156325540847e-05,0.0003064803616058548,4.830398300769514e-05
45,0.08648968771423671,0.02594963765642211,0.0007071165207649373,0.00026793438114235596,0.13655507652082519,0.1464210269422232,0.0001261249106396904,0.0012688852920499515,0.0028796809920319053,0.0004262687144529543,0.5985587705471397,0.00022532861593070792,1.0511729695076633e-05,7.962368711713526e-05,3.4325775328380255e-05
46,0.05351628807119148,0.0006809028762421227,0.02982586721571189,0.0008112564437256521,0.05487967897829093,0.09425487342475986,0.29564117596172745,0.0002980971274693421,0.08509065277355274,0.006080235473364809,0.37833869192502445,0.00013424041123467851,0.00025734067124151625,0.00018700636058654403,3.6922858765566754e-06
47,0.055116341975079926,0.00010285583629713372,0.00018343340118579524,3.606389366031775e-05,0.038688393605683234,0.00036388467741984393,0.2731340275688793,7.741762046864059e-05,6.188607780080479e-05,0.00019487647313644067,8.219467096593378e-05,0.6318746495313811,2.9439696037756424e-05,5.337069396281534e-05,1.1642780410050554e-06
48,0.0017743727710398235,0.003631455023224349,0.019681011066271785,0.32766625277190387,0.13401767167328021,0.004676297587687492,0.2885603703904183,0.2184972092364851,0.0006448373894921572,7.692035332155045e-05,0.00011075717665455315,0.0006392940314741872,5.5134460542009924e-06,1.0231633035712416e-05,7.805449656703604e-06
49,0.0015359534608342291,0.0002542658382393136,0.0020815844464666788,0.7071772645602822,0.1342341006785899,0.00353453386345657,0.00022095811747651194,0.14836493508451612,7.12973600620821e-05,0.0002718461030883602,0.002154644018293224,5.098625353672386e-05,2.0396087349138287e-05,4.685776901566576e-06,2.2548350907409624e-05
50,0.0059923564004959904,0.022081942531062947,0.013702970950891357,0.3691792027129711,0.09913438725492346,0.00145400667979428,0.0005919448549294782,0.41887899188889177,0.00019157498245812662,0.010655346336405441,0.05790596759899105,9.490136460799547e-05,0.0001062256284161752,1.805174322420437e-05,1.2129071936579064e-05
51,0.0064537639852342045,0.3101507748615213,0.05386735828720181,0.14406213137905602,0.2190015051305007,0.00012886135537242704,0.0012055056430069252,0.20138355210928008,0.0414139666875237,0.0003941332397687552,9.04787721450937e-05,0.00018790617259193025,3.5820668958565094e-06,0.021607946656975522,4.8533652925659385e-05
52,0.02915595824773982,0.22290453949164166,0.009067916888179347,0.0009736277494718203,0.062447795908624065,6.909514169403059e-05,0.002382945463259897,0.6076362689467418,0.06463546859611999,9.024034203346568e-05,0.00033263057593591386,3.0050374855847526e-05,4.235418979906351e-05,0.00020361510528303797,2.749297862018372e-05
53,0.006466787065631482,0.24406337486882546,0.032120564408274925,0.12794506353651264,0.0024775134445922256,0.002041794325084211,0.00036296060447291916,0.00019266023601611102,0.00019460501057146982,9.065857826955188e-05,0.006601408138726931,0.5772507160061907,5.7218962210874664e-05,0.00010047332387341328,3.4201490747055535e-05
54,3.423017310532193e-05,0.17719221612824954,0.0006378823859165367,0.00042493399133658547,0.0005732513564865267,3.1388247128725915e-05,5.962959747850359e-05,1.1371562112170106e-05,0.82019893440788,0.00041863390633268557,0.00010803808174250275,0.0002384060829077444,1.2624895625348695e-05,5.452040808130731e-05,3.938775616432323e-06
55,0.00012314711134219284,0.014669130775727068,0.000996258551925257,0.01570638353982891,0.0036593001382779497,0.07291199637939681,0.00042881637511978386,0.00012825829640463761,0.015780473022979045,0.17215879198980696,0.0018760658545102851,0.24833287787597902,8.433985953859738e-05,0.45312940793554657,1.4752293616918953e-05
56,0.00044536197285501087,0.0001472180920315361,6.479709518794997e-05,0.0004926980797857099,0.3011372222718378,0.6919283586401974,0.0006371702624615952,0.0002088945565235236,0.00035762198538153827,0.002703382690950697,0.0010247799329019375,0.0005251601729198052,0.0002329157968902471,4.306847528863819e-05,5.134997478664254e-05
57,0.024422972812225014,0.000364674791569164,0.02751615605156817,8.940958007347043e-05,0.006983943852063542,0.002064945359264138,0.0059771622776128575,7.777194010697099e-05,0.00014425686634097684,0.05280858986429431,0.04507176571911157,2.3352967942360716e-05,3.26476637632752e-06,5.276994215392766e-05,0.8343989632092972
58,0.0011884331237315903,0.00027470684292312686,0.11956431910802114,0.00030944985287918215,0.16949521035261578,0.36939766539199415,0.3384044744417931,0.00040999527847458385,0.00018816812476989462,0.0004779246181666058,0.00015284483382584115,6.969309182797944e-05,1.7762022981729465e-05,4.234054104327869e-05,7.012374951994014e-06
59,0.0004184301331280903,5.9190058229121964e-05,0.9969182629393757,0.0003587558203527895,0.0007486536503473681,0.0006951771073012113,4.211753097748545e-05,7.645257565055393e-06,1.275783302531525e-05,0.00015533104555067798,0.00035208623632337785,2.0234577410355653e-05,0.0001799727325824673,2.4344853178169233e-05,7.040224652857048e-06
60,0.0002957154652895544,0.0006297427427421789,0.4602931659122556,7.022004818128421e-05,0.0024929018567680745,0.0006410777200718036,0.00023554704430921912,0.00016271120407710066,0.0002669344650793936,0.0005204983654617097,0.5315495019484308,0.00016828348441515827,8.204236039890768e-05,0.002532070451256833,5.958693126238798e-05
61,0.4694585875444617,0.12292001220070485,0.0911628782374285,0.0011259139832170018,0.11632532412067999,0.0032180817896959504,0.00046287827749574644,0.00029187253775740814,0.04188395717921173,0.14357501631086556,0.009255411460620111,8.403008342287239e-05,0.00018828840873160905,4.1632742103074233e-05,6.1151236039314265e-06
62,0.3829778750480991,0.08669568940720555,0.0005335554710087698,0.017929524738153513,0.04467777880464822,0.12565372000189792,0.007058118229123595,0.0012417548029835422,0.09070756619712916,0.23736017135890627,0.00480385624920354,0.0002039385724565724,2.4717632064133316e-05,8.231432336915418e-05,4.9419163750945735e-05
63,0.6476916846275057,0.005239676844158449,0.002054181894874668,0.05420217373765793,0.0013464839134787285,0.0016631992148036195,0.04577497413840426,0.0019863032576890234,0.23698497758741827,0.0017796364011235081,0.0006728047771831453,0.0003446768694260446,4.200642384779245e-05,9.750048330797891e-05,0.00011971982912089376
64,0.1242399926884921,0.0003539188169623857,0.05748717933567708,0.0055619327128993675,0.005953317450071891,0.003443894981186649,0.793847491422378,0.0008630484060212631,0.005921858931570715,0.00028698099189964726,0.0016174953038023381,5.794647910965158e-05,6.259996524744903e-05,0.0002592016706246994,4.314084405674995e-05
65,0.21027935957735244,0.0036980678826835332,0.15724692298490595,0.03470034390868626,0.10906081193581799,0.002551203722971009,0.4743253848242712,0.001265468199659345,0.0014442954616848938,0.0006552827146956596,0.004586831976089157,6.470389245775058e-05,7.094527090583831e-06,7.172506551784373e-06,0.00010705588508242044
66,0.08971421417181534,0.13733448494465633,0.0018387525599624845,0.0033384548571719617,0.04939201806557227,0.040861730028854557,0.5477654140638564,0.04167123566872424,0.0868511295800894,0.00028995716551690175,0.0006708830024274849,1.1969619243630284e-05,6.356487723847186e-05,0.00013597264440779394,6.0218750462768045e-05
67,0.019532476922834597,0.000756843204009529,0.04986415339180853,0.5812893675762327,0.14509221620354218,0.0018204198227953006,0.00259944053384365,0.0009853667246514908,0.00020635226471829726,0.00012128911902573358,0.0028495637048155955,0.1944281547857644,0.00033893372430660203,2.2437127628704004e-05,9.298489402271604e-05
68,0.00015918829903012604,0.0011550592238468416,0.022796395898821153,0.7136331534099345,0.11912367887676358,0.1420588789333538,4.534640511079704e-05,4.082663215757329e-05,8.358501227777352e-05,0.0007649250468848026,4.820341798867974e-05,1.3740057838733468e-05,3.080527162127858e-05,3.704511180915821e-05,9.168402561138784e-06
69,0.0005574964578251251,0.002878418022241835,0.06740346465925469,0.7337061771778675,0.09389612442721862,9.34077726696954e-05,0.000324008792094334,1.913575910478626e-05,0.0005203554826256364,0.0966173341255717,0.0035626352880856684,3.545010382698659e-05,8.788393449946944e-06,0.0003431829283962918,3.4020609767213437e-05
70,0.016815132514924884,0.1877484033789568,0.03654262150908629,0.4100648952002396,0.06446161937018409,0.02890034362562249,0.000865508589816332,0.0018377676103265997,0.0004985735875424166,0.07311954416040532,0.17892933208626832,8.36122107751681e-05,5.787773535405425e-05,5.228910065261708e-05,2.2479319845018356e-05
71,0.014403196614174434,0.31359426162502024,0.0006919752717318529,0.12633924666501264,0.03900132637295613,0.11051464284430661,0.00048356030028729244,0.00029088407016941947,0.002718366213373814,0.00028224319132429837,0.0036862589936463956,0.3879106469353679,1.0649545739711682e-05,4.2419103972855995e-05,3.032225291640781e-05
72,0.0017308985866988686,0.19840375402063756,0.0023714635341225113,0.12008003970510167,0.10368611495848669,0.029882792249217072,0.0005744343681356142,0.37652857491450203,0.00021710210544571685,4.1676555348201316e-05,0.1479298397291717,0.018515773936622716,8.478340333878972e-06,2.2448596971628234e-05,6.608399204137863e-06
73,0.07275733016972846,0.8080597443365816,0.00532900765155565,0.009880090347596291,0.08463701435996342,0.003988689937112292,0.0032930859102535104,0.0008770376285129931,0.004021138323997558,0.001605314382370187,0.0033146529604482443,0.0008014691226107116,0.0004003432569187057,0.0007769265346856172,0.0002581550776647627
74,0.000414428399041257,0.017937014938756275,0.00170861424813528,0.00015212053621016102,0.07488179738230935,0.1155453845014089,0.00014513465355425083,0.26562612790003237,0.0001377714507436517,0.3877320744933524,0.13527928487589913,0.00014998914314645536,1.7175059376000567e-05,0.0002719733295293536,1.1090885051425254e-06
75,0.0004492807834593446,6.348493953961308e-05,0.13416488821268913,0.0003018240008410092,0.0003508917040793792,0.8635499368463682,0.0005180358806495366,0.0001493034194041281,0.0001564709695253797,0.00013294087590202735,3.978156391389105e-05,2.42940628674048e-05,5.5300027308046364e-05,3.815570583446208e-05,5.411007618538186e-06
76,3.975253918296425e-05,0.00014971878076393437,1.5065980708704538e-05,5.204009966389629e-05,1.745958563815236e-05,0.0002993602805965766,0.37708968589464215,2.1951947926968498e-05,6.1585351911554e-05,0.05084730018768253,3.125833800802561e-05,0.571359487058773,5.4912633517332705e-06,3.665458955377971e-06,6.177232194434161e-06
77,0.02082691314358151,0.0006129731835982305,0.01922691849877048,0.00012758947495716076,0.021831780010513776,0.4645182374080148,0.41519599459759565,0.0010959645949403301,0.05334099452642247,0.00010455513617172294,0.0008720692388172538,0.0016213081531331831,3.4967443857147415e-06,0.0006014368011385172,1.9768487959195132e-05
78,0.00020831065599093281,0.00032471666556400583,0.5806557112688795,0.0004981353444570159,0.08500145067431869,0.2844978669370489,9.802111259788203e-05,0.0005878712472782233,0.047153948707521424,0.00029898238933937063,0.0003454580486478351,6.902661382967009e-05,0.0001810075466654938,2.8555350201531155e-05,5.093743765953779e-05
79,0.014756746218545539,0.0009616937968524774,0.4884194649386891,9.642973414413854e-05,0.043300163502276987,0.1352940278123403,6.597395205797853e-05,0.0006490318680406673,0.0012657435034071623,2.820079221354429e-05,0.002929024337299196,0.00041257681511298254,1.7677854778346821e-06,0.3118134897059286,5.6652376135222665e-06
80,0.6083979471007376,0.007760728387931354,0.0009553650651059055,0.012601019530270431,0.12645235601905366,0.007015964375625302,0.22934163875984037,0.00042209738422332126,0.0025670325879024684,0.003582558892277392,0.0002323823902816034,0.00016217231124308063,0.0001083775126603158,0.00024107755871453796,0.00015928212413271326
81,0.9600139258128638,0.015248827848179039,0.002493189770893588,0.004982283345860145,0.0022252913606504877,0.00046550440080940617,0.0043211009252726645,0.0012698935602723416,0.0003693077154414447,0.006359215176162253,0.00034321772077575645,0.0007218065609166344,0.0003636522222704988,0.0007071665892419688,0.0001156169903899734
82,0.08138049066897991,0.03290315227792806,3.935698319262962e-05,0.0006233393314255264,0.07379506252510651,0.09688604500758204,0.0011353185569761882,0.6636043217956606,0.00039911777565879885,0.00028853843812585035,0.0488542255938548,5.0797356922242875e-05,2.7648062554278377e-05,5.517163221413154e-06,7.0684628110664405e-06
83,0.03780738207302947,0.013809678531750651,0.02079838482788513,0.053335574622034684,0.07497648972500034,0.07117724508783875,0.014262601696476335,0.29188861403995486,0.1426545340886767,6.429426311158152e-05,0.2789619111936025,1.4189746966327444e-05,1.0565299261089179e-05,0.00013279649255277002,0.00010573831185879817
84,0.025128228956048246,0.0008827560008730533,0.00031937433072827705,0.0002994007026747672,0.04994007228437413,0.02994126901348737,0.5741862071856905,2.3885403435477902e-05,0.00010427152274389744,0.002347796468679195,0.31673274568480875,2.625219785681134e-05,4.05889949857032e-05,2.286605568555644e-05,4.285197928313907e-06
85,0.002825119435029264,0.05830782482602051,0.10630395032979312,0.12622294612923093,0.15161943053580298,0.10921797436706017,0.44094954767137573,0.001883321125602607,0.0014647794439923932,0.00024252692603134271,0.000682172727805214,0.00011522750729928544,2.5698748662732947e-05,0.00011908126184712572,2.0398964446600517e-05
86,0.010396359450530732,0.0023023710454918083,0.012158131018164313,0.3875004538509457,0.10131216427259479,0.0070582296673802405,0.04007393566495853,9.328306385247799e-05,0.43842532833263637,0.0003071622704688541,0.000301029685252707,4.3364139258736236e-05,5.393000903491017e-06,1.708970621835695e-05,5.704831342884837e-06
87,0.00296728146670611,0.002981284874720995,0.001082952016850132,0.852487855369792,0.023508957591997358,0.11263344964803115,0.00017123403493846763,0.00040573553892352766,0.0009481451483548627,0.0015597348091647126,0.00039032136569090156,0.0005143675828108956,3.312967782401996e-05,0.00023531070796918625,8.024016622565689e-05
88,0.007144118132099886,0.007662645236668639,0.006303282491547295,0.5878129354039814,0.1978288554200622,0.0012340642244949942,0.002583474216852561,0.0002075364051957139,0.003400503690134678,0.00040650223976465766,0.18480056526595925,0.00017912006751133393,8.301787091403239e-06,0.00037155006314322037,5.654535549278586e-05
89,0.006153137778551239,0.4362207140497404,0.1188200685752955,0.22876684373510828,0.20744960548835287,0.00018593048546367407,0.00013108641959734446,0.0007484622412490538,0.0007792261460279823,4.728385930686869e-05,0.00020879555800691718,0.00039931641967324774,2.0251712330414696e-05,6.320626403860403e-05,6.0712672575957605e-06
90,0.0034862163482999426,0.7450223493869903,0.004373297002680437,0.004205996925542631,0.04858568444028446,0.046612993763249747,0.0007904587522377973,0.001565729937185691,0.028646466803021246,0.11368635372730862,0.0015759190389637717,0.0003693996297676785,9.77115088732759e-05,0.0009173187997678834,6.410393582651466e-05
91,0.00030541573914490854,0.17730513255673097,0.0005836117039393148,0.00026244996005565633,0.00022574076585346486,0.001300720980748693,0.002321828968691215,0.00033840351450628527,0.000715132109541475,0.8130732707807147,0.0024017168006079323,0.0005576212297701683,4.927510693474663e-05,0.00038896118780872723,0.00017071859495176745
92,0.001416692313053046,0.7181769125864107,0.002042437083100644,0.0011298781477541101,0.0027094149720676046,0.27287000910958514,0.00028297782415968116,0.0003196347166072017,4.285482488009187e-05,0.00016687109015253403,0.00017172951464535888,5.543098223444744e-05,0.00042898730156731445,0.0001662683928765045,1.990114090567212e-05
93,0.00043110229042355944,0.0005764804153251425,0.00018754351734691095,7.399855899376109e-05,0.06225185942487638,0.1707578576973221,0.00015749548951423265,0.00012429302142478264,0.035737543074809364,0.7296153744175778,3.747176170479645e-05,1.2666995232541144e-05,1.6991310404732053e-05,1.5741040124670704e-05,3.580984919212424e-06
94,0.002831771984732529,0.001096783681483435,0.7760802435555699,0.005891130425013724,0.21011644552252262,0.0019347612790200752,0.00019048477288099663,0.00011667014453853586,0.00014155708303674255,0.0005735948378873028,0.0006298506071005953,0.00011320377102452842,0.00022125533976506857,5.689950806939648e-05,5.347487354489832e-06
95,0.06473685129266463,0.01562883849298834,0.020084800682850942,0.0002595496249420627,0.07016727696898749,0.0006506658350988342,0.12130840403930471,0.0005764000249898888,0.031687493088754015,0.0001677918599801757,0.3478218144779166,0.0008861424377012091,2.4347351957263842e-05,2.5744699549478413e-05,0.32597387912231435
96,0.00023702168042928715,0.0003985009849743428,0.4524699811229708,0.0001703585696730253,0.0700532665804195,0.4739016256838519,0.0002808998310576846,0.000559669150660009,0.00012913526810035553,7.00916043240089e-05,0.0014161965924545889,1.1572294920239135e-05,0.00018709307508389588,0.00011191806808887245,2.66949299150171e-06
97,0.00020196211080306364,0.00013509155765014595,0.6454047293674082,0.0005143590502458525,9.491241498514311e-05,0.3514113713996195,0.00019291796876338375,3.9400021650317e-05,4.029613878054688e-05,0.00042828808534807103,0.0007650403939450497,0.0006946402603767003,4.715987211569398e-05,2.778118478930063e-06,2.7053239829407944e-05
98,0.19768826989385715,0.0022455039988952155,0.4597362645749928,0.00010757781826594556,0.009666745093609659,0.000711830964388258,0.00012865745103200058,0.00015092652612813627,9.479624330650409e-05,0.00028370671225584165,0.32891783095338717,3.149854301384171e-05,0.00020837990559409398,1.0285699817777013e-05,1.7725621455603775e-05
99,0.5655080394599148,0.001262112416143228,0.1286947129306782,0.0007932427762591975,0.018851147164042428,0.0014287099719931485,0.0019345380225458282,0.0002155191625132503,0.001041068210975064,0.27897313063807627,0.0004214502219748382,0.00015961355083264717,0.00010405278039272207,0.0006079709342145587,4.691759443886425e-06
100,0.3341924551488968,0.02124339899330696,0.009205216209410685,0.0006295434933991219,0.029450588796752337,0.07280854085015018,0.0001683738826260606,0.5257932381386481,0.00012998028486518287,0.0008379756199698481,0.005329216601808866,0.00011947493948644989,8.27426109525304e-06,6.681143596704387e-05,1.691134361717401e-05
101,0.3835192688602944,0.007910346077934883,0.14152030335094426,0.1564956286774378,0.0010017969615465892,5.2617871796950156e-05,0.0004123063709328704,0.12053454386089459,0.18639170169469954,0.0004104874299291197,0.001644008664625681,8.05516021803652e-05,2.7755435110652126e-06,1.1466239590003048e-05,1.219679368189366e-05
102,0.041243459073020294,0.019610102141216862,0.0351565174038774,0.0064275379209457065,0.037264500232223295,0.06816515549966669,0.0030247144606594454,0.0002865775262905771,0.785445501736564,0.00012543707954512867,0.0006133758211755214,0.0006331448435517827,3.5593585192461644e-06,0.001980472266036359,1.994463670769037e-05
103,0.07136288808713619,0.00010686827451376532,0.0006620627349976368,0.0006347102991934747,0.026588137765824086,0.04517708291515777,0.5212259988676159,0.2576886477681961,9.478533878665103e-05,0.07611334204473953,0.00022093679061647146,9.600029093403728e-05,1.2244811890156553e-05,1.307066480615821e-05,3.223345592150882e-06
104,0.0015394572742687249,0.0011298977108177525,0.05037391302460884,0.037492710835821175,0.03272830639341438,0.009341428783230417,0.17825569478112854,0.24304299814814076,0.003187355806835186,0.09958515121468794,0.3426132379595083,6.99157625150304e-05,0.0001300241694303198,0.00023448709425165666,0.00027542104134095245
105,0.048916438256097955,0.000797411222193744,0.001890911640613891,0.45832258240413143,0.02416767067766501,0.07041332637869181,0.0017616227677051237,0.18371397439994572,0.2022185476860658,0.0036146438904595263,0.0024479116649258224,0.00039151618147947995,7.47975374292856e-05,0.0012229528615302092,4.5692431065196303e-05
106,0.00021893344539036702,0.0014205258821386002,0.00032456632871718784,0.4141690504121076,0.13182916818577742,0.004917893082097472,0.0002834091492662637,0.33340297861911056,0.0004448297646484215,0.10403920184292072,0.00883733309130213,6.529834464245665e-05,9.049818790023244e-06,3.274550115630272e-05,5.016531934472155e-06
107,0.0016762069326081248,0.013030285027780695,0.0033028826642653385,0.39747410340267836,0.09643608161526739,0.0009196923899244901,0.00014396216932263217,0.0014117586694474807,0.35062993606928616,0.0006293593870434419,0.0003444069710755234,1.8028881153840883e-05,0.00012070252250827697,0.13376482670114373,9.776659649454747e-05
108,0.000676224736904323,0.45606685178567036,0.000612880278405689,0.09277110919213549,0.0012041893033945435,0.19001283551354464,0.0019303212656906516,0.00013693405186008346,0.25481254723180213,0.00018395492309418213,0.0011760692849155996,0.00025271288954022706,3.095088300196458e-05,0.00012639370073886755,6.024959301212464e-06
109,6.223009496758339e-05,0.3911899992934595,4.02664776757966e-05,0.00012333543662712613,0.0023316656473573102,0.0018537720378512873,0.0011008048602945126,7.226648270848685e-05,0.0004081499559564155,0.0019134965844589177,0.00030288765096163133,0.6002896897059153,1.6001816431981826e-05,0.00028496605680246415,1.0467898531645052e-05
110,0.0010480271360743603,0.44179635856055754,0.0017837943149152213,0.0002294217630366371,0.00023445787202023573,5.941345244141432e-05,0.0002806225979388945,5.517184776700139e-05,9.845713265468827e-06,0.0009665172110302839,0.09336366596074921,0.45994531777898506,8.761725670403551e-05,8.720433066383217e-05,5.256420385077519e-05
111,0.0014516343078787156,0.5980210597864101,0.03425475648138775,0.0025488030246886015,0.008013942464676647,0.008854729385310631,0.0020166493084534443,0.00029743587645956636,0.0005309986591936385,0.341628940660266,0.001811930692537826,0.00018531757136132465,9.021277661870207e-05,0.00019283338626567288,0.00010075561849142063
112,0.0013904442317895001,0.0006907090320298009,0.01432065297708579,0.0007109082632342557,0.476020082947852,0.23873662364353665,9.650109150189652e-05,0.0004223856777173626,3.102766927158131e-05,0.00045353390305952847,0.266744622372721,0.00022597932516994692,6.286985396980155e-05,5.894077227301105e-05,3.4718238787862336e-05
113,0.05915989388892275,0.001481334480890959,0.008416276325647815,0.0013342254208558117,0.033970150624700164,0.06409834476085179,0.0012320044081799888,0.6445389553692596,0.005211583268910677,0.13207176599102663,0.0003084530219369804,0.04800254519135487,9.63653151236298e-05,3.7767824862387154e-05,4.033410747590833e-05
114,3.0223939918240697e-05,0.00018506260495357746,0.1251400088773094,5.3919132947298966e-05,0.0013692029627442287,0.3392701056263597,2.293014937258523e-05,1.0537601350751278e-05,0.4536056881313435,1.0790893223860652e-05,0.0802270846089762,3.692434955361936e-05,2.2321355388546135e-05,7.883064205579418e-06,7.3167023529161346e-06
115,0.0001307272792045155,8.399651039712601e-05,0.8786354620620961,0.00014811368515368472,0.052109435801148137,0.06763051937241811,6.118815929699825e-05,0.00022555291387045765,0.0004784079197970342,0.00019687422406773966,0.00013983899642299022,4.439468205661037e-05,2.347891034015553e-05,8.613553481813462e-05,5.873948912250948e-06
116,0.5622618547415404,0.006656578150778687,0.11854813623890964,0.013116751015858444,0.26459992737865723,0.0027952565994645183,0.00016956055009859894,0.0007475032335265072,0.02441508157140868,0.004896583192749812,0.0010807118315788748,0.00030622216214569285,0.0001337673508429845,0.0001939291605488824,7.813682189100225e-05
117,0.8619871539306253,0.004835461260876375,0.018660616024053597,0.0850334352797606,0.012736950217628287,0.0010818947817843483,0.0028846860603406557,0.0012492433332670825,0.0025860747494427586,0.0032231930173578656,0.0034199381345011172,0.0015464043354894035,0.00017472804069900246,0.0005327304282379993,4.7490405935592955e-05
118,0.853523687650783,0.018150691043887154,0.00021829447407684558,0.05201308490498128,0.03829009351594091,0.03544946386900157,0.0004421093497825967,0.00015964617813365322,0.0005260819208996934,0.0005002006142524213,0.0003222581923408129,0.00015519040068952158,4.1355960470263726e-05,8.535302345608566e-05,0.00012248890130421588
119,0.5022854159567184,0.15301317866837608,0.034999747909026914,0.0337320223102491,0.17762968866520892,0.0035736224361831493,0.001556439324363814,0.00023492296659779422,0.0013657616150440002,0.00118832208064203,0.08997475253955459,0.00017743908415994534,0.00013086608885691322,9.342295566328925e-05,4.439739935507622e-05
120,0.014922327036387757,0.00031352843584705944,0.08187958987677026,7.270802030739668e-05,0.07404908097840475,0.0183311431905762,0.35233793224150567,0.029077200279800566,0.14721820565219126,0.00015778808902194462,0.28131709978086133,0.0002716487730429486,1.0636696928267847e-05,3.247699648117509e-05,8.633951873419885e-06
121,0.09190615870882822,0.031691358187090145,0.03835195332575527,0.0006367957552957953,0.00011577957205475348,0.0003403097350286717,0.11577510466628055,0.5436253055563754,0.024304304687401697,0.13071746375314192,0.02232472537289546,0.00018415197264430854,1.175205036473389e-05,8.800774875563093e-06,6.035881967466812e-06
