,goblet cell,type i pneumocyte,basal cell,endothelial cell,pericyte,ciliated cell,type ii pneumocyte,endothelial cell of lymphatic vessel,b cell,monocyte,alveolar macrophage,smooth muscle cell,lung neuroendocrine cell,dendritic cell,natural killer cell,club cell,capillary endothelial cell,fibroblast,t cell
0,0.03645188,0.035483677,0.039937925,0.07502475,0.0581055,0.1332485,0.054810572,0.06740381,0.046600938,0.06661347,0.011914667,0.026940262,0.04913227,0.0604649,0.050991762,0.06529581,0.039314616,0.04311183,0.03915287
1,0.052497428,0.045009132,0.09081828,0.07363188,0.047656078,0.050264403,0.032644928,0.02409794,0.06191965,0.056528013,0.012484745,0.028782954,0.04108435,0.082491525,0.035982177,0.11838012,0.06899654,0.02676192,0.04996793
2,0.05996293,0.035673685,0.10673835,0.03840476,0.047600705,0.0476318,0.036728628,0.029752566,0.029734267,0.09415755,0.14558311,0.028643979,0.042405676,0.10012447,0.029482042,0.033762727,0.020459086,0.04849826,0.024655387
3,0.030733107,0.030264096,0.024322495,0.05881594,0.047961574,0.04398257,0.052179795,0.02162577,0.06068043,0.041852828,0.011834574,0.02577581,0.042129133,0.026937602,0.053860318,0.11732468,0.10720583,0.028689774,0.17382367
4,0.026313474,0.028078368,0.028624997,0.02957362,0.04005574,0.03484495,0.03674698,0.017003799,0.05673177,0.039166182,0.013078819,0.020823374,0.038470846,0.01892409,0.08757583,0.064832084,0.023478976,0.030952996,0.3647231
5,0.0372011,0.038847785,0.06707347,0.054168288,0.1518439,0.045399535,0.028467447,0.022881145,0.04186486,0.12135565,0.013985086,0.04164112,0.03192163,0.062313575,0.03242765,0.09800761,0.032629997,0.050553497,0.027416684
6,0.011122554,0.027832748,0.013552926,0.016485281,0.07032778,0.6003873,0.02402009,0.011777389,0.025540652,0.021331811,0.00787575,0.020582406,0.035509158,0.012747973,0.015319851,0.024162851,0.019501029,0.020745257,0.021177188
7,0.038366616,0.0339935,0.10587815,0.2208635,0.075923614,0.042909045,0.043514606,0.087510236,0.020357594,0.03027665,0.010171846,0.034496818,0.056864653,0.03941302,0.03508056,0.04090451,0.025215572,0.03552374,0.022735735
8,0.041196708,0.02779223,0.036244527,0.023083339,0.03354992,0.03562255,0.08722669,0.0112039745,0.024124265,0.021931117,0.0041975295,0.020836601,0.026626954,0.020484516,0.013143666,0.5030164,0.014903091,0.034785338,0.020030605
9,0.018415913,0.017648162,0.026888624,0.024905434,0.034341108,0.022956064,0.018456658,0.009174094,0.020000758,0.58075804,0.010870915,0.009412817,0.013091019,0.073561504,0.023991182,0.05528295,0.009482463,0.019082993,0.011679246
10,0.027891295,0.079846375,0.03056447,0.05160444,0.10803949,0.046762317,0.10795539,0.033710685,0.04216623,0.06658369,0.010817812,0.02622574,0.030071864,0.047470067,0.022582611,0.11903868,0.06910565,0.039243802,0.040319443
11,0.034282167,0.056023974,0.073407404,0.0417172,0.14090137,0.048593074,0.031536445,0.02567746,0.09269309,0.072242,0.013620849,0.043628257,0.04034412,0.06433111,0.03971023,0.084821485,0.026288113,0.041794136,0.028387532
12,0.022547245,0.042658716,0.026354304,0.090716176,0.07859683,0.042559844,0.036940385,0.10294505,0.034691192,0.13811977,0.053757176,0.020794334,0.025427243,0.061016638,0.04484336,0.026921162,0.05825575,0.030618258,0.062236547
13,0.021384114,0.15490131,0.036597718,0.035660252,0.12670875,0.040704194,0.032370657,0.025510423,0.042472914,0.08017973,0.014700272,0.024801224,0.033898097,0.025245821,0.08241447,0.07711566,0.023318341,0.042698845,0.07931722
14,0.07743808,0.028250188,0.06312075,0.06318277,0.057513233,0.047373567,0.03561056,0.02291357,0.049099147,0.04882915,0.014757052,0.027843818,0.04129984,0.036633037,0.07989176,0.1439868,0.07077562,0.03510125,0.056379836
15,0.019743644,0.08520327,0.031659123,0.05129603,0.09114531,0.047353666,0.088785805,0.041028637,0.039879188,0.06463264,0.022243576,0.020087129,0.035217796,0.03566205,0.046102386,0.06344639,0.027295927,0.08408054,0.10513687
16,0.061466306,0.052346554,0.1318165,0.04897228,0.06461503,0.050337832,0.061342034,0.019394396,0.03225665,0.09361314,0.012743701,0.021511948,0.039423477,0.05797264,0.026716083,0.14401083,0.014895114,0.036941573,0.029623872
17,0.046714406,0.057457883,0.20948058,0.08764834,0.13615423,0.03946275,0.038953274,0.02127648,0.024717748,0.040011022,0.009608158,0.028960535,0.03379037,0.022894578,0.020802855,0.11985356,0.018867277,0.024740672,0.01860525
18,0.03587194,0.076273955,0.050548095,0.033718478,0.051736455,0.04434651,0.039440755,0.018004917,0.032246497,0.19431269,0.0469197,0.017108629,0.033731233,0.057284534,0.029851198,0.13736187,0.023059225,0.03749898,0.0406843
19,0.020352283,0.02429492,0.025699675,0.052127454,0.033209387,0.05187148,0.020871693,0.024378324,0.084245026,0.090851866,0.012869172,0.021363238,0.027848566,0.28527817,0.04024458,0.04183777,0.03176993,0.092265375,0.018621037
20,0.022597432,0.06796039,0.029229468,0.03145397,0.04213885,0.05157128,0.11782014,0.02385025,0.046557378,0.043561537,0.010378704,0.023982747,0.039202213,0.022234356,0.04788168,0.12578872,0.024036637,0.03549652,0.19425774
21,0.012002692,0.024255043,0.021052403,0.03266078,0.090944506,0.034053843,0.02317051,0.016704397,0.022193661,0.042566698,0.010936946,0.019487096,0.0209732,0.024706455,0.021344466,0.032904707,0.018751469,0.50605756,0.025233602
22,0.04150332,0.032061215,0.07248884,0.053082913,0.37676534,0.041855905,0.030561475,0.025766715,0.025920063,0.037047777,0.010310278,0.043407127,0.03801593,0.021621572,0.024799606,0.039696578,0.020487035,0.045520592,0.019087715
23,0.024623351,0.03057395,0.03264069,0.024978796,0.036346048,0.034164324,0.5123566,0.024829311,0.017784793,0.02982062,0.020455055,0.015393215,0.027547242,0.04026635,0.011662148,0.040248044,0.012604532,0.03655574,0.027149258
24,0.06927154,0.03880307,0.08043947,0.041520443,0.07271422,0.05363172,0.035769057,0.020320252,0.05180229,0.11607871,0.014821569,0.024157627,0.040869765,0.04648475,0.05287829,0.114021055,0.022184305,0.03763966,0.06659219
25,0.008176622,0.013776109,0.007695621,0.006640771,0.011551832,0.8066361,0.015785744,0.0063676406,0.015809245,0.008445627,0.0053867367,0.009406738,0.024787841,0.0086063435,0.0072391476,0.014402962,0.0077324086,0.009973016,0.011579511
26,0.009448864,0.018784488,0.02069124,0.627531,0.045245394,0.016955333,0.013708088,0.021541217,0.016644577,0.033489686,0.014996707,0.01079937,0.020022977,0.023806376,0.029885769,0.016182266,0.032402657,0.012303201,0.015560779
27,0.018142717,0.036818814,0.024038883,0.04514156,0.052742112,0.028297069,0.3991847,0.146891,0.017376056,0.021336064,0.0066865,0.015215784,0.022085683,0.024629408,0.01592799,0.050674587,0.0188907,0.025691522,0.030228823
28,0.039434772,0.026556423,0.04437611,0.05366418,0.057305276,0.057223227,0.11710166,0.025591165,0.042589474,0.08237747,0.012924197,0.024393817,0.044490207,0.054792423,0.06291681,0.09253109,0.020960664,0.062610455,0.07816057
29,0.041826617,0.08606251,0.07395715,0.041238725,0.08364177,0.054350913,0.062321436,0.03138475,0.056443304,0.041626018,0.009596021,0.06439001,0.042539533,0.035728466,0.02951858,0.12417727,0.026242128,0.062516406,0.032438368
30,0.027941411,0.031079536,0.038720287,0.067035474,0.06648012,0.10874043,0.053368196,0.07084496,0.0434145,0.0744195,0.012615253,0.029073274,0.040617142,0.043977004,0.0889614,0.05205795,0.032773018,0.048464727,0.06941583
31,0.020260878,0.027895289,0.028952876,0.028988004,0.115942724,0.2115562,0.030470682,0.02184246,0.12543423,0.09236578,0.011040107,0.023403661,0.039634015,0.044932228,0.03881188,0.04040186,0.02714146,0.033524226,0.037401453
32,0.051615715,0.033759166,0.066602916,0.05420195,0.08324338,0.07420448,0.05139606,0.026629986,0.0303868,0.032258894,0.010667589,0.044867903,0.063672,0.04990131,0.03217579,0.055723116,0.023574801,0.19171071,0.023407469
33,0.020617928,0.027415873,0.027209846,0.029602798,0.056541026,0.3545524,0.042912394,0.016753634,0.033686277,0.03208491,0.008356586,0.03351542,0.043672223,0.02318746,0.024114938,0.076469205,0.022427062,0.0926784,0.034201592
34,0.021060541,0.014326517,0.02681897,0.028300248,0.03757009,0.027772082,0.036743145,0.015243567,0.056479316,0.041696746,0.012455967,0.023906803,0.03515147,0.01796058,0.10790414,0.032451924,0.024010552,0.02563559,0.41451177
35,0.03508143,0.28583547,0.05226693,0.028216586,0.1591072,0.033974957,0.039156046,0.019002074,0.0240526,0.035903096,0.00905656,0.024922833,0.034058943,0.017033301,0.020233748,0.12429354,0.017473757,0.02262169,0.017709216
36,0.11040243,0.021274522,0.09879768,0.047332197,0.050560836,0.06923907,0.029817695,0.01571629,0.036581933,0.12901221,0.013521131,0.020221425,0.04226164,0.11955454,0.02705437,0.10073534,0.017705774,0.030207051,0.020003863
37,0.025434911,0.036214046,0.030026464,0.029766263,0.048633736,0.048697785,0.4351022,0.02096272,0.02545019,0.026602946,0.0061550024,0.018849974,0.028108137,0.03806742,0.014672581,0.080247365,0.014215673,0.043477986,0.029314654
38,0.018350719,0.2394954,0.036682714,0.0420834,0.082224645,0.044131707,0.043414075,0.04508977,0.03898022,0.0592034,0.025215752,0.03637008,0.03424561,0.04164125,0.03904842,0.061251964,0.026744984,0.052985024,0.032840848
39,0.02493217,0.032697707,0.03430764,0.06722462,0.11111749,0.17616467,0.03627685,0.041004356,0.042650938,0.04840674,0.012585282,0.041553866,0.04094472,0.05113055,0.02981632,0.049676552,0.030954296,0.09468398,0.033871196
40,0.028040668,0.027434483,0.04101811,0.0668252,0.053860683,0.12318399,0.03978612,0.028311273,0.13100326,0.048445504,0.00999055,0.03042295,0.061217368,0.052508354,0.068085276,0.0575718,0.037361294,0.043242082,0.05169103
41,0.020886138,0.05194645,0.025648212,0.03868627,0.06924948,0.044897113,0.04434979,0.023196237,0.11599233,0.05830334,0.013290538,0.02566374,0.038424272,0.031175017,0.071161665,0.06774393,0.062231045,0.035340928,0.16181348
42,0.06890007,0.15991999,0.095842145,0.033771187,0.13521715,0.04397494,0.034761697,0.02190069,0.028627494,0.04178488,0.010398802,0.03166657,0.044835925,0.025210798,0.024100034,0.13018693,0.01917723,0.031061409,0.01866205
43,0.013189916,0.021075921,0.015895275,0.018923625,0.03009204,0.476369,0.021621374,0.013833021,0.038000446,0.121838875,0.011706993,0.0139860185,0.031145113,0.06903673,0.01861421,0.02682486,0.015166577,0.021881068,0.020798996
44,0.029775286,0.04639687,0.25866786,0.14294077,0.06886608,0.036635775,0.02308982,0.023245374,0.032251183,0.04942204,0.011041541,0.025832176,0.033049855,0.0345566,0.030060062,0.09037504,0.020098614,0.018803399,0.024891632
45,0.025406646,0.014819327,0.026979215,0.028393498,0.039949037,0.03254698,0.039045192,0.017631372,0.06413305,0.08499458,0.015667357,0.022976259,0.034020618,0.024776066,0.1295199,0.034443256,0.02559735,0.02465345,0.31444684
46,0.019271603,0.023495859,0.028704211,0.037578177,0.039622728,0.10234646,0.02757963,0.031807493,0.11294078,0.18949276,0.013978043,0.019855866,0.027612137,0.16944273,0.044493288,0.03549774,0.020890633,0.033664044,0.021725819
47,0.028263887,0.023443267,0.0330614,0.056006085,0.0911294,0.05133024,0.028522497,0.02589648,0.100687064,0.18608339,0.014667239,0.024739934,0.031059837,0.07109078,0.07086667,0.043968007,0.03481223,0.03727698,0.04709466
48,0.029846558,0.1291612,0.10622889,0.051031247,0.15855329,0.036948215,0.026375065,0.024476552,0.02588738,0.10602453,0.018915106,0.029173365,0.033569198,0.039624702,0.024524376,0.07294398,0.019067934,0.04577815,0.021870248
49,0.022800634,0.02829503,0.06246051,0.096925795,0.06403312,0.034542333,0.028871909,0.025045997,0.043501034,0.05949357,0.0124238385,0.024363391,0.031560455,0.027175056,0.2627006,0.06737275,0.02323746,0.033561915,0.051634613
50,0.04855016,0.065948755,0.066047646,0.036124263,0.124875344,0.046580046,0.03543433,0.021066144,0.029017843,0.11809798,0.06850471,0.022379287,0.03616592,0.05877648,0.025474364,0.1062664,0.020123396,0.03822523,0.03234172
51,0.065736845,0.04642312,0.07386,0.044738937,0.07300634,0.11981511,0.042717654,0.024310319,0.03950299,0.06457592,0.011482825,0.03561185,0.06842402,0.055085182,0.05466969,0.080504514,0.022525227,0.04816808,0.028841348
52,0.041692484,0.045440022,0.085714996,0.09627322,0.05683804,0.04471601,0.034429792,0.024511822,0.045766223,0.03874998,0.01089803,0.028505528,0.03567891,0.034204118,0.051104277,0.12714796,0.13081117,0.026752308,0.04076511
53,0.025450507,0.013668682,0.027174095,0.028646467,0.039003234,0.03325732,0.03658192,0.01618697,0.059515607,0.081024,0.016019367,0.02229028,0.031814415,0.02617728,0.13556422,0.03278102,0.02294868,0.023946797,0.32794914
54,0.04559059,0.025571661,0.059796274,0.121749975,0.044441894,0.06904319,0.035566434,0.037480876,0.048688125,0.0617235,0.009803115,0.031439215,0.060202,0.15640576,0.042188227,0.05034508,0.03435741,0.04489666,0.020710018
55,0.0423926,0.039445728,0.054488063,0.12526228,0.10107925,0.05031119,0.045484614,0.18118088,0.027127683,0.042434007,0.012568109,0.02707318,0.036424715,0.030482352,0.029233167,0.04692794,0.048435032,0.028855382,0.030793844
56,0.011294025,0.01947599,0.01024527,0.013428389,0.017525753,0.68892366,0.035390884,0.016940953,0.02427289,0.014016944,0.0066900626,0.014563815,0.02887656,0.01451667,0.010466407,0.022427795,0.014399202,0.016879248,0.019665496
57,0.041943114,0.030034026,0.045694333,0.03338206,0.07398749,0.09649467,0.032254774,0.026185961,0.037395272,0.09808222,0.13052522,0.02894946,0.035126437,0.057184357,0.055807654,0.038070306,0.025299614,0.051717345,0.06186567
58,0.0512546,0.0194923,0.055164114,0.033126067,0.042599663,0.046145964,0.030750817,0.016723832,0.12373811,0.056755185,0.0113818785,0.021403896,0.04612322,0.035034988,0.089364745,0.0935602,0.026098654,0.032665934,0.16861588
59,0.02136229,0.042092975,0.029417386,0.10365345,0.08045032,0.050655823,0.053992633,0.2220707,0.029265374,0.044033807,0.014094125,0.0335211,0.030076645,0.03324831,0.042172913,0.030614242,0.037701365,0.05996007,0.041616444
60,0.02688917,0.051776845,0.039099842,0.036079038,0.05140053,0.041959483,0.16717462,0.02549051,0.030122466,0.198667,0.012452397,0.018075705,0.036176175,0.08809038,0.03643119,0.06255944,0.015362532,0.032511245,0.029681413
61,0.03616938,0.032374907,0.045956075,0.05198634,0.14372313,0.055036794,0.04778166,0.026103899,0.041502874,0.08683822,0.028673036,0.026707908,0.03479946,0.03283924,0.05174379,0.06705,0.02760073,0.05447875,0.108633794
62,0.06731685,0.03307725,0.06278166,0.078501396,0.063017905,0.08239242,0.058841288,0.03329662,0.03691348,0.030452482,0.009705312,0.04606402,0.07772279,0.05881362,0.029652065,0.04502813,0.090951204,0.06972223,0.025749274
63,0.048265602,0.03529673,0.045656633,0.059564307,0.055873107,0.05330868,0.03181604,0.0193191,0.03513318,0.23254935,0.041235264,0.017961754,0.033473466,0.08193315,0.030455865,0.054931223,0.06280195,0.028224424,0.032200173
64,0.024692176,0.056623448,0.037235502,0.037478354,0.060926717,0.038410366,0.027846688,0.017161341,0.030730596,0.33545133,0.0137424255,0.021902861,0.023234198,0.070172966,0.038511336,0.08237027,0.017896136,0.043225717,0.022387559
65,0.02187646,0.015848897,0.027871892,0.02784654,0.044083208,0.035446104,0.027869554,0.017065695,0.119619906,0.131462,0.012540759,0.020719586,0.028781967,0.02568069,0.19574408,0.036553558,0.02369129,0.0258895,0.16140833
66,0.04630326,0.039178308,0.14457633,0.04900067,0.08772386,0.04565152,0.032252513,0.023854079,0.04450455,0.06515523,0.018559925,0.045984153,0.03540914,0.06308053,0.028957264,0.10008862,0.018296203,0.08643177,0.024992064
67,0.06613716,0.059049442,0.12721843,0.06324063,0.06947758,0.082076006,0.05268083,0.029988868,0.032039467,0.034375936,0.009307246,0.045147732,0.07634639,0.04848368,0.03208181,0.062233284,0.028425181,0.058984134,0.022706224
68,0.013663686,0.019669568,0.02814591,0.5592053,0.046500046,0.024243949,0.02248481,0.022106344,0.01691495,0.02605234,0.0086064255,0.014656124,0.023351356,0.024296716,0.029953456,0.04720542,0.040175747,0.014050252,0.018717619
69,0.09179267,0.029519146,0.10030395,0.037719008,0.05859919,0.046594758,0.03145851,0.043099746,0.14669426,0.045665298,0.00995173,0.033823688,0.041506324,0.051845998,0.0361816,0.09812982,0.030222356,0.039034467,0.02785749
70,0.036532525,0.034618255,0.05317791,0.08250042,0.06100108,0.04516306,0.05973051,0.11689678,0.051043306,0.07074056,0.01073241,0.03190342,0.03468707,0.08785776,0.043822844,0.07886336,0.026383825,0.039846256,0.034498658
71,0.029629836,0.022889622,0.05390362,0.060055096,0.03269275,0.06475393,0.024264837,0.022737497,0.065542065,0.10650817,0.014087255,0.022351837,0.034325574,0.27350983,0.042759817,0.04373722,0.018003477,0.046714853,0.021532744
72,0.017428828,0.25050682,0.032604348,0.11083052,0.07701046,0.044026922,0.038305726,0.027850514,0.025731565,0.08182191,0.016472215,0.02346649,0.038970858,0.037959456,0.027809432,0.060141236,0.036006775,0.027600227,0.025455719
73,0.027681908,0.12810446,0.047728032,0.04739018,0.06386332,0.062883906,0.06930765,0.029428044,0.062499925,0.053229924,0.012198527,0.028240986,0.046225693,0.03319887,0.07302037,0.10798067,0.026678428,0.03178667,0.048552465
74,0.02375918,0.035595164,0.029921144,0.0726254,0.22647922,0.09456205,0.043035954,0.07336115,0.034693774,0.0660725,0.013269935,0.027922153,0.029989785,0.028339015,0.045555722,0.039914463,0.02826702,0.047907162,0.03872918
75,0.01717292,0.020343104,0.026455501,0.02643849,0.020203942,0.052299883,0.023325527,0.02643763,0.18181282,0.10627872,0.018689023,0.016537474,0.021782598,0.30333287,0.043890495,0.029138422,0.017824614,0.02948772,0.018548219
76,0.032850545,0.04261541,0.06103045,0.11654506,0.06380085,0.045679625,0.18933569,0.046934936,0.020582149,0.029723568,0.0082343025,0.022165932,0.038138725,0.030293131,0.018966401,0.1499534,0.023633102,0.029808842,0.029707918
77,0.034753915,0.025941042,0.05109766,0.09395456,0.063272715,0.04757176,0.04172064,0.039285395,0.060796022,0.19780374,0.013500668,0.018764319,0.03388064,0.07661045,0.054246783,0.052161217,0.028050268,0.02743327,0.039154984
78,0.017064305,0.048474897,0.026338175,0.03426916,0.041525405,0.02894684,0.060717467,0.023705749,0.043673676,0.056209136,0.011291872,0.018433625,0.028612634,0.019641044,0.38125804,0.0498998,0.01705612,0.029894179,0.06298786
79,0.02430618,0.022135466,0.028947452,0.06955514,0.04772455,0.042034883,0.03868832,0.07281534,0.05050382,0.21862812,0.01705464,0.017039584,0.027183793,0.09741037,0.07290256,0.034329,0.025189275,0.028954128,0.064597376
80,0.026490614,0.02504672,0.03163064,0.0338105,0.051847085,0.24591072,0.03888195,0.019673549,0.045275573,0.09909461,0.028777035,0.02131781,0.039928243,0.05409925,0.0357412,0.052604776,0.023646638,0.049834017,0.07638907
81,0.0448157,0.024902776,0.05047174,0.05814,0.05889277,0.10198769,0.034081962,0.028827883,0.047546208,0.13670947,0.015006565,0.030559754,0.040985122,0.08215448,0.059200082,0.06599244,0.024202963,0.046202,0.04932042
82,0.021298373,0.040782824,0.02418715,0.07035462,0.077929914,0.054726288,0.105665855,0.03052053,0.049935862,0.0446634,0.0128617035,0.020875843,0.03154932,0.033253197,0.071096964,0.056911796,0.0995475,0.09010678,0.06373211
83,0.021927228,0.04532631,0.04556967,0.12074837,0.06805694,0.04166406,0.033627775,0.05309564,0.10123202,0.07333847,0.010572645,0.025151199,0.03735448,0.052680682,0.0747674,0.076160066,0.04257026,0.029324146,0.04683265
84,0.05379091,0.027485698,0.06534703,0.049226757,0.10027724,0.061778773,0.034055147,0.025137277,0.040502,0.09287623,0.011687438,0.043380737,0.036485676,0.03751346,0.060350746,0.124237336,0.02251134,0.07449018,0.038866013
85,0.029502394,0.03927516,0.047961455,0.07574775,0.09744972,0.050589208,0.09525367,0.087750345,0.035649,0.04711601,0.012128298,0.039000507,0.03316915,0.055953335,0.029675616,0.06452312,0.026082808,0.0970564,0.036116038
86,0.07596978,0.034725644,0.16559027,0.06044638,0.09334909,0.04817014,0.02870893,0.021254512,0.025676461,0.060499225,0.022160985,0.027775953,0.045837242,0.0418725,0.025441783,0.106692635,0.017317647,0.07551716,0.022993663
87,0.017453214,0.042716056,0.02730301,0.02993139,0.036073837,0.028963491,0.031582665,0.020997971,0.056247395,0.064476974,0.0116000855,0.01718898,0.023595085,0.02815547,0.41898397,0.049419973,0.017545184,0.029492775,0.04827246
88,0.013086143,0.02346748,0.015721671,0.017160576,0.029339338,0.024107052,0.6584305,0.013954081,0.013774422,0.01123456,0.003998121,0.01913703,0.014440447,0.015983894,0.007417139,0.048828214,0.009691403,0.036755685,0.02347224
89,0.04901634,0.05440322,0.091429345,0.056209564,0.060729478,0.113135554,0.05162063,0.031348344,0.036492396,0.03941955,0.010104633,0.038744483,0.06642509,0.03683598,0.045545954,0.09098209,0.022044182,0.04834439,0.057168722
90,0.044659033,0.033721287,0.047236536,0.043914292,0.035261292,0.12157699,0.030845234,0.016689638,0.058707356,0.055342402,0.007831061,0.023919761,0.04486802,0.106563605,0.028506594,0.2114351,0.028062725,0.0296588,0.031200262
91,0.11608627,0.022464344,0.12958919,0.041673016,0.05827847,0.04802536,0.022451794,0.013770092,0.027820662,0.17918079,0.015131969,0.015942896,0.034152262,0.07297251,0.023615384,0.11977772,0.014223193,0.025601318,0.019242777
92,0.023544094,0.02544929,0.035970002,0.050641537,0.04501776,0.07241648,0.031259857,0.028971387,0.09022706,0.10676098,0.012172076,0.0338959,0.032286827,0.16002482,0.07079064,0.051835507,0.025000887,0.05738862,0.046346337
93,0.021237994,0.03785353,0.031451624,0.041213084,0.07939447,0.043966517,0.025735965,0.020597184,0.042583253,0.2012943,0.014909931,0.019502977,0.027834348,0.077774175,0.03766367,0.06129237,0.020524094,0.17434587,0.020824661
94,0.03821733,0.052552518,0.20991981,0.048519835,0.11833936,0.03908732,0.046178687,0.021371007,0.026814206,0.083942056,0.018819092,0.026799744,0.033761222,0.032956917,0.035507217,0.09513536,0.0118065,0.030984612,0.02928716
95,0.028252816,0.037917826,0.033377282,0.03664113,0.050207138,0.29179502,0.045330767,0.029962013,0.037776724,0.02963408,0.007729722,0.029391045,0.046972096,0.026443588,0.025049144,0.11429336,0.023263628,0.073123045,0.03283957
96,0.026656514,0.04290918,0.08758148,0.02547166,0.03780785,0.4566412,0.027710995,0.014419119,0.026322722,0.023669494,0.0073430235,0.027808696,0.045599405,0.019071465,0.017130332,0.061036695,0.011447198,0.020384056,0.020988941
97,0.021199726,0.021650314,0.032567516,0.03545038,0.044739317,0.046673845,0.036471084,0.01843352,0.050371338,0.3668073,0.013824403,0.0199801,0.023101544,0.08489239,0.06771602,0.038894534,0.01671061,0.029258111,0.031257916
98,0.063949995,0.032156054,0.08810856,0.11142376,0.06983687,0.07478193,0.056421433,0.025941946,0.026445718,0.030832855,0.008245521,0.039151628,0.07247922,0.04297934,0.02945522,0.12593158,0.02960223,0.047515035,0.024741111
99,0.015402618,0.03004325,0.023182927,0.048729677,0.09336281,0.045756202,0.028244277,0.019885907,0.02601534,0.097378284,0.012159995,0.019687688,0.026237132,0.048105583,0.028557241,0.042303015,0.020834714,0.34733263,0.026780719
100,0.041338135,0.0381277,0.043869812,0.0658716,0.045016337,0.036483232,0.053487718,0.054604173,0.03302562,0.039161284,0.008270142,0.022974601,0.03776388,0.027359195,0.029942537,0.28799164,0.048496228,0.027565032,0.05865112
101,0.021488808,0.02445831,0.02808737,0.20149553,0.07711583,0.03083176,0.031061402,0.10492038,0.025478313,0.18274075,0.014487636,0.015454347,0.026803141,0.0712577,0.042689238,0.026642963,0.03279217,0.020978533,0.021215811
102,0.036689743,0.054299306,0.21500169,0.055538844,0.073948525,0.080732755,0.058319077,0.027227888,0.03134171,0.051287185,0.0094522135,0.037685994,0.036799625,0.03813215,0.023532407,0.100140564,0.013273169,0.031012662,0.025584495
103,0.012383241,0.010999642,0.008897867,0.004657173,0.008746888,0.010385677,0.010381861,0.014556804,0.013254497,0.04118609,0.78421193,0.0049058665,0.008207492,0.032961,0.009966249,0.004177811,0.0037481189,0.01070127,0.0056705307
104,0.016471893,0.031752285,0.025309747,0.025274806,0.04453039,0.4196869,0.035374958,0.020749466,0.040485833,0.0444112,0.012174283,0.0427766,0.042085025,0.041731384,0.021269163,0.037095364,0.021445297,0.048829425,0.028545955
105,0.069629304,0.03651797,0.08078974,0.056640282,0.06074205,0.08177983,0.09542171,0.036849912,0.028105373,0.030035822,0.0069670132,0.04135022,0.067583404,0.04707249,0.02724733,0.13094991,0.020844316,0.05733494,0.02413837
106,0.022949213,0.029185371,0.02374349,0.022984805,0.03337814,0.038306724,0.42430988,0.022095194,0.050161064,0.023385564,0.0049998355,0.017229125,0.027032444,0.029283417,0.014235315,0.14169574,0.01564703,0.026351944,0.03302572
107,0.02448667,0.033423305,0.036018703,0.055619653,0.11652651,0.07427161,0.037167218,0.033242416,0.05039088,0.077706635,0.056064654,0.04729521,0.03419912,0.048635487,0.042242695,0.038374238,0.039767195,0.07622995,0.07833789
108,0.020834653,0.029929154,0.032237623,0.059684616,0.070329756,0.05507262,0.12024945,0.027900903,0.05496238,0.08550481,0.015630864,0.02678504,0.032024484,0.06879132,0.040421575,0.06715951,0.027232513,0.0951586,0.070090145
109,0.021801636,0.0342963,0.029063204,0.039610878,0.050268162,0.043649446,0.263235,0.06521971,0.1022977,0.0423205,0.006665152,0.020884028,0.027567528,0.04940984,0.025350528,0.08611969,0.0253862,0.03262962,0.034224875
110,0.035445273,0.054335456,0.12885688,0.04043059,0.05290832,0.040857255,0.11967645,0.018185398,0.026597166,0.05351242,0.0073052295,0.021719733,0.03362183,0.038663406,0.018964114,0.24451816,0.011275105,0.028499776,0.024627453
111,0.038888235,0.020488575,0.06817522,0.046273638,0.04782616,0.03393027,0.020401103,0.024204709,0.051120568,0.06507203,0.011961851,0.019147785,0.03018587,0.024792666,0.3160665,0.07900385,0.014980674,0.03172168,0.055758625
112,0.028476104,0.038048025,0.0403847,0.05688137,0.051830232,0.04216901,0.08418533,0.017102128,0.02984091,0.22847767,0.011037591,0.016460398,0.027496388,0.074807316,0.02356919,0.15041625,0.018947529,0.034812372,0.025057495
113,0.038881514,0.033241853,0.04328075,0.033862513,0.060925614,0.04030471,0.040924624,0.016355455,0.041423164,0.06589767,0.009410284,0.022636974,0.035716873,0.031083526,0.03850401,0.31801617,0.02168879,0.03383446,0.07401108
114,0.18639664,0.028469652,0.16125922,0.050783653,0.048510764,0.04268545,0.036909785,0.08265736,0.0255585,0.028430661,0.0106866835,0.021625629,0.038989197,0.03101343,0.018440174,0.12161657,0.022382185,0.024801292,0.018783221
115,0.02610401,0.13511944,0.04836816,0.035354555,0.0585362,0.092520945,0.042606678,0.022182042,0.045018047,0.048729043,0.011775979,0.027178546,0.048731267,0.027651072,0.073915154,0.15006503,0.023020774,0.031221813,0.051901206
116,0.026221504,0.022907749,0.035640683,0.051598568,0.040274743,0.043243468,0.052800193,0.018710228,0.052624986,0.2875974,0.018993162,0.017154455,0.025054282,0.15468551,0.035185564,0.039787386,0.028002074,0.027439691,0.022078387
117,0.007722715,0.013289797,0.007179884,0.0071537625,0.011520435,0.011568218,0.8361091,0.007235294,0.005884245,0.0045241714,0.0016954889,0.005145526,0.009127254,0.0079155695,0.0035435567,0.030655148,0.0044992245,0.012200396,0.013030243
118,0.033177733,0.03924062,0.07777522,0.055950355,0.1031365,0.06538026,0.03360038,0.026995137,0.045222968,0.12141967,0.01237871,0.024735386,0.0353716,0.045104593,0.103899896,0.081265174,0.017395033,0.039567932,0.038382802
119,0.050288856,0.02426303,0.0598426,0.04550736,0.06431572,0.05997154,0.023190165,0.020314096,0.07474384,0.11283881,0.014062398,0.021909757,0.032327402,0.19133435,0.035457626,0.09127208,0.021013469,0.033002123,0.024344767
120,0.027314201,0.040118523,0.04257998,0.23044352,0.06901877,0.03798388,0.034729213,0.051355287,0.03237103,0.05783671,0.021705901,0.020411706,0.04038204,0.035505798,0.08672307,0.042392347,0.045801226,0.025749909,0.057576884
121,0.020989716,0.04488936,0.028597364,0.05199647,0.061674323,0.08038345,0.24038611,0.08458742,0.046949968,0.03470891,0.008238017,0.023182103,0.032661732,0.03355967,0.022964535,0.076283775,0.030630296,0.0346984,0.04261838
122,0.012488674,0.02381725,0.017053545,0.020358853,0.69499636,0.016566293,0.012200805,0.017734038,0.019014584,0.024509827,0.008108347,0.026708238,0.011707473,0.0070080594,0.017442329,0.017600993,0.016393516,0.02261622,0.013674617
123,0.08202789,0.025923386,0.086532295,0.1684051,0.066938914,0.042383086,0.026145903,0.021586299,0.031117782,0.09787459,0.022627356,0.019142807,0.040394645,0.058176488,0.026402226,0.08109615,0.055041328,0.024539324,0.023644423
124,0.022631139,0.05336511,0.031538114,0.06141208,0.09896409,0.03821102,0.038658675,0.05747655,0.03244971,0.05149888,0.013803921,0.021915704,0.033946704,0.044718813,0.027429843,0.044779897,0.02398929,0.27252254,0.030687867
125,0.028603159,0.03848879,0.02884581,0.08460196,0.075889595,0.05535926,0.16688894,0.04416522,0.03859988,0.04263624,0.010612602,0.020796081,0.032164745,0.031627994,0.04007439,0.07739524,0.07609118,0.044483174,0.062675774
126,0.018226486,0.028695261,0.014121485,0.06842267,0.14591517,0.036695927,0.02810964,0.021617403,0.0328846,0.033656664,0.014424424,0.026188621,0.019274196,0.024596408,0.019462682,0.03772084,0.3627783,0.027730519,0.03947867
127,0.024770185,0.035122003,0.040482413,0.07878674,0.08208785,0.049342852,0.13666762,0.025942406,0.039377406,0.095226236,0.010747962,0.02075413,0.03271012,0.058571517,0.025096305,0.10880246,0.026077554,0.07617245,0.03326178
128,0.021382764,0.15391542,0.038405567,0.047415424,0.07088977,0.038251508,0.20619327,0.08219812,0.022079805,0.04260826,0.021824539,0.01815764,0.032686837,0.03353393,0.018599324,0.06487894,0.022672767,0.029437015,0.034869064
129,0.021213025,0.035907436,0.031750698,0.12509769,0.06342796,0.040073603,0.23480554,0.02910769,0.026213495,0.03034012,0.011996687,0.021810075,0.034522504,0.026376948,0.033117767,0.058324117,0.029963369,0.03224045,0.11371086
130,0.034280237,0.033728756,0.03533536,0.06533149,0.15914537,0.038989186,0.0467867,0.10382236,0.055738527,0.07117972,0.016578652,0.026947536,0.0333785,0.030889481,0.05239709,0.053162087,0.03156634,0.035989106,0.0747535
131,0.03237744,0.031726446,0.035071064,0.035292376,0.038772836,0.05861692,0.13863625,0.018804127,0.038985156,0.035680164,0.007777223,0.02962475,0.039425343,0.03192019,0.029589621,0.25255865,0.019690588,0.04368944,0.08176144
132,0.018552663,0.019160004,0.028057745,0.26883718,0.033776958,0.038311284,0.020971438,0.024339259,0.05480669,0.091055445,0.011542787,0.019154437,0.029352872,0.18416844,0.04518063,0.031308737,0.04404806,0.020620419,0.016754946
133,0.03203788,0.032392126,0.056826085,0.051614657,0.07043383,0.073368944,0.04264586,0.028839568,0.069395356,0.06247982,0.015213899,0.053551763,0.042638198,0.05918631,0.054261804,0.07601362,0.025143431,0.10615108,0.047805797
134,0.031205034,0.11582505,0.3576418,0.04145501,0.06146674,0.027874777,0.039830536,0.017818077,0.020756645,0.033842135,0.009249573,0.02697975,0.029781923,0.020325204,0.013791288,0.10484341,0.013409615,0.019315049,0.01458839
135,0.027648645,0.025985627,0.023800038,0.02218786,0.026816176,0.031824607,0.42210606,0.01633544,0.027660778,0.021113908,0.0043820688,0.0154337445,0.025207244,0.028485514,0.014484149,0.19552554,0.011731673,0.026753878,0.032517094
136,0.01853436,0.021507079,0.025825674,0.038077693,0.06367305,0.039582886,0.02434417,0.021068973,0.0487778,0.06825718,0.014815514,0.021670038,0.024237797,0.028301967,0.25321892,0.047078907,0.018635765,0.15819313,0.06419914
137,0.031643983,0.092503406,0.054756302,0.06702772,0.09002163,0.07194301,0.050539713,0.06994779,0.04186665,0.056682616,0.011416788,0.03916754,0.043907538,0.038667556,0.030643782,0.09174776,0.032668162,0.052906647,0.03194143
138,0.031333562,0.045375865,0.08814806,0.050918873,0.06844419,0.050929397,0.035673264,0.023370855,0.041385327,0.13643305,0.013306665,0.02494894,0.040246595,0.05042616,0.12632288,0.07345196,0.013268631,0.052647192,0.033368614
139,0.03646438,0.05826251,0.075173505,0.036393154,0.15732966,0.047135204,0.03303812,0.026190476,0.02997543,0.13684754,0.08377699,0.024045378,0.031648997,0.042543977,0.033340134,0.053528573,0.018620258,0.04121962,0.03446612
140,0.038079724,0.014385115,0.04432101,0.036049593,0.037779484,0.030994972,0.020532489,0.016092699,0.051660523,0.04882796,0.011463943,0.018894589,0.027376093,0.019551737,0.41886923,0.060690027,0.017257912,0.030489927,0.056683008
141,0.04554273,0.04020262,0.109034576,0.054927167,0.07323284,0.07329794,0.10083955,0.028965117,0.04125992,0.075572565,0.009530325,0.028125511,0.049094874,0.06025526,0.031081444,0.08652285,0.015048663,0.051729154,0.025736958
142,0.0527076,0.03831151,0.13214128,0.07047087,0.08312856,0.059115265,0.048705127,0.042638753,0.03289037,0.03653529,0.011251633,0.083289616,0.057691325,0.04331559,0.02928327,0.049441,0.025705345,0.07962555,0.023752047
143,0.023324246,0.04444642,0.04346231,0.039856464,0.09226308,0.07686532,0.022287354,0.021511884,0.062051233,0.09481418,0.013284772,0.025676683,0.034143817,0.031819314,0.18123515,0.07122937,0.019885711,0.04659463,0.05524802
144,0.07248067,0.02642452,0.07742668,0.028534511,0.04574713,0.04301784,0.025711248,0.023245052,0.24304156,0.04638799,0.00784544,0.022134105,0.038159024,0.05433468,0.03808776,0.111647986,0.03599746,0.028738605,0.031037763
145,0.023002425,0.034693908,0.03426802,0.042905968,0.07048551,0.049243916,0.040286973,0.022887945,0.055536527,0.07807692,0.014447853,0.024002748,0.035758898,0.033870798,0.06718192,0.07889271,0.021288283,0.15535842,0.11781021
146,0.01353497,0.015329194,0.026863247,0.59174055,0.050203223,0.023921259,0.01947357,0.021300117,0.013179791,0.020116309,0.008513163,0.01594682,0.028271645,0.022207191,0.03046226,0.022286847,0.041169673,0.018144323,0.017335925
147,0.029626353,0.0525199,0.07207083,0.045816835,0.1045487,0.2125463,0.04302184,0.023948705,0.032667574,0.03624857,0.010230982,0.069183476,0.046026975,0.027493263,0.024488837,0.06536182,0.022427434,0.05440475,0.02736686
148,0.031165928,0.038049508,0.042501915,0.027366946,0.036742628,0.09769532,0.032896828,0.012532544,0.035811666,0.05778971,0.0062535484,0.02063374,0.03664689,0.037317026,0.025284544,0.37477866,0.017016137,0.040371645,0.0291448
149,0.04396044,0.04295827,0.12138492,0.046715125,0.05579117,0.20347996,0.03345388,0.033831112,0.032778453,0.05819191,0.029430667,0.029702565,0.05024967,0.0574134,0.025913635,0.05692626,0.015760263,0.03463142,0.027426884
150,0.018956227,0.03140593,0.0213836,0.06407486,0.06722564,0.041606378,0.035161953,0.024942786,0.1386072,0.04758351,0.012880347,0.029214552,0.028788991,0.048742305,0.03644424,0.04603678,0.22209291,0.04355672,0.041295063
151,0.026538908,0.02896449,0.03308874,0.027002687,0.045842584,0.11368358,0.026456943,0.019486,0.15395848,0.14477955,0.012247221,0.0187534,0.033123355,0.06551076,0.073151775,0.08112121,0.019939585,0.031718742,0.04463194
152,0.024729816,0.09863842,0.054121953,0.09803787,0.074697375,0.04766633,0.07727151,0.032813314,0.03857262,0.05072472,0.012836608,0.023434086,0.03630766,0.032610446,0.06579263,0.08370754,0.07327008,0.029831426,0.044935603
153,0.036304776,0.039399575,0.060251445,0.06687684,0.16425414,0.04849002,0.1256832,0.03270341,0.027412722,0.07857765,0.028481344,0.026547207,0.036070716,0.042547975,0.02626683,0.046018254,0.024152579,0.051609308,0.038352013
154,0.02132863,0.04290329,0.04098007,0.04978305,0.12246901,0.12868364,0.095028676,0.043508932,0.039561223,0.04580179,0.009395453,0.07083839,0.03299851,0.030471817,0.023832818,0.05927671,0.028484141,0.07872466,0.035929177
155,0.010778482,0.02130132,0.012120803,0.37208787,0.045659393,0.02245166,0.0181328,0.017672287,0.022923043,0.021106472,0.010997191,0.014006163,0.019556388,0.023474053,0.022017056,0.027915725,0.27418277,0.015670305,0.027946198
156,0.037180062,0.12687995,0.08423367,0.044464245,0.13870974,0.045863133,0.06000039,0.02494815,0.03988159,0.044774383,0.010238859,0.046187606,0.038300563,0.029874183,0.024618424,0.10325366,0.023173852,0.049120843,0.02829668
157,0.018852906,0.037119284,0.04231463,0.041577138,0.09764328,0.1648202,0.036239203,0.030445457,0.03960157,0.03659073,0.011538729,0.13255633,0.032981742,0.027484499,0.024202028,0.043580312,0.031299476,0.120061,0.031091457
158,0.049754392,0.02707436,0.081392795,0.053648826,0.057165276,0.15763707,0.0304519,0.017385269,0.048499707,0.051879868,0.010602425,0.023896905,0.04929866,0.034255285,0.053688597,0.11778029,0.01812999,0.04309206,0.07436637
159,0.02527457,0.026501007,0.031915747,0.029126888,0.039036863,0.03421083,0.04276905,0.026420353,0.035964783,0.18403037,0.25673702,0.018895226,0.02403186,0.08311745,0.034721866,0.020116244,0.017881976,0.036281113,0.032966807
160,0.025384098,0.048452895,0.029635688,0.04007608,0.26023936,0.040743228,0.14167406,0.029824158,0.045953665,0.06129889,0.014967726,0.02712839,0.02516157,0.03030155,0.024006618,0.059403732,0.027889783,0.035443343,0.032415155
161,0.021636741,0.03872232,0.026719304,0.03712516,0.04650182,0.03516272,0.045063984,0.026237614,0.054955542,0.048799995,0.014562745,0.024109796,0.038140655,0.020868318,0.07908886,0.046598602,0.041235507,0.03184995,0.32262036
162,0.07059964,0.2516427,0.090768784,0.021903438,0.045263212,0.03629758,0.034865007,0.016655212,0.024891252,0.027882641,0.0080436645,0.020863788,0.038221437,0.019940738,0.01824514,0.22024779,0.016714225,0.020880284,0.016073443
163,0.07770232,0.03857748,0.08358572,0.053039163,0.06053258,0.10898603,0.030756824,0.020756403,0.040222064,0.06583306,0.011956934,0.03323618,0.046651613,0.045501262,0.030508226,0.13038702,0.037582774,0.040858176,0.043326184
164,0.02418376,0.032148972,0.033176754,0.036907542,0.06820998,0.09358599,0.044923425,0.027237961,0.12860815,0.04905349,0.008855708,0.030755976,0.04219702,0.054129113,0.04350324,0.053288013,0.03195907,0.16143216,0.03584369
165,0.055041086,0.021799365,0.05826914,0.04152699,0.039088786,0.09000132,0.03497241,0.02105835,0.08294194,0.06715294,0.012921974,0.024323022,0.0492851,0.08643112,0.062777124,0.09583938,0.022645926,0.032355774,0.10156825
166,0.030044386,0.024570068,0.02767237,0.056710403,0.12762253,0.044977564,0.029773163,0.02697563,0.09313723,0.11349749,0.017536199,0.02529511,0.030597085,0.07704003,0.06374093,0.044003803,0.07116141,0.03263642,0.06300816
167,0.018781958,0.029767266,0.03166355,0.09707019,0.058837075,0.15407427,0.028331315,0.025509953,0.10316982,0.06776813,0.010809108,0.023224061,0.04378896,0.112589754,0.03941256,0.047677886,0.037638202,0.038974065,0.03091189
168,0.026114888,0.03592473,0.040622886,0.10772204,0.07737728,0.04544404,0.033678945,0.034808967,0.113206424,0.056508314,0.011954844,0.026209235,0.046280265,0.04436332,0.06112699,0.060042012,0.049992144,0.07667783,0.051944833
169,0.026425866,0.03444146,0.03235304,0.077663764,0.07139691,0.03140214,0.050373033,0.29611358,0.029202456,0.04160307,0.013675946,0.04021717,0.028306305,0.032286417,0.052415114,0.026445488,0.030810982,0.051869515,0.032997705
170,0.033272624,0.029271683,0.05683889,0.031365935,0.05361833,0.05160014,0.022924596,0.02185794,0.20356755,0.13929312,0.009824446,0.020870738,0.030966194,0.06251267,0.06620863,0.07767318,0.02455982,0.027137259,0.036636233
171,0.034201425,0.04679052,0.0388057,0.07590095,0.1050848,0.04266091,0.2906924,0.027006356,0.022956816,0.026673406,0.008044872,0.0208875,0.034014363,0.024751417,0.017226668,0.09451362,0.025560996,0.029265812,0.034961466
172,0.035435595,0.11490169,0.05107567,0.037498444,0.07210102,0.18063839,0.052483972,0.037178963,0.030862907,0.042206615,0.015645528,0.03264979,0.06265841,0.03956531,0.026377624,0.06593395,0.025055632,0.0537741,0.023956353
173,0.02567581,0.0208057,0.02615302,0.040446047,0.044230998,0.034534875,0.043588072,0.026320636,0.05442369,0.05260927,0.014964865,0.025194183,0.039225083,0.025189197,0.093358375,0.039078403,0.041020844,0.031692192,0.3214887
174,0.06477238,0.03196053,0.23887856,0.044929136,0.05698138,0.042057037,0.023502646,0.017234972,0.034551922,0.046066433,0.009808969,0.025163872,0.03875202,0.025716769,0.057539385,0.16840385,0.012036038,0.033747427,0.027896637
175,0.017896673,0.16110168,0.019711463,0.065738715,0.047473103,0.041092798,0.043596607,0.022190014,0.032224458,0.024332551,0.012717509,0.017264219,0.027775317,0.029311202,0.019966356,0.06771322,0.29418766,0.025810393,0.029896071
176,0.035278995,0.2778636,0.059820805,0.03434779,0.058141846,0.039940286,0.038711168,0.021131834,0.033519402,0.042742923,0.012519839,0.022772593,0.0406142,0.03750418,0.022864452,0.15171568,0.023111487,0.025677739,0.021721171
