,alveolar macrophage,b cell,basal cell,capillary endothelial cell,ciliated cell,club cell,dendritic cell,endothelial cell,endothelial cell of lymphatic vessel,fibroblast,goblet cell,lung neuroendocrine cell,monocyte,natural killer cell,pericyte,smooth muscle cell,t cell,type i pneumocyte,type ii pneumocyte
0,0.006135711682008744,0.015606382068913158,0.006115991398627335,0.0719315819981481,0.25902925203177085,0.08431667985747063,0.008641417034385382,0.0032546806142934644,0.35674145261430046,0.0008652966380778354,0.0021978387519743883,0.04276591598639678,0.016469644309683416,0.057569718426827954,0.003049951559596443,0.0007459036979025649,0.0067285717421367575,0.009597376038399892,0.048236633549086166
1,0.004671255100450218,0.05129883211696764,0.143334875367576,0.2737198202291908,0.0007109326216957184,0.18538746592612487,0.02954706679992315,0.008261370895409076,0.0038697678177406587,0.0010263798788537801,0.013420890552200148,0.027331758228997666,0.01982090327161295,0.0301782934789691,0.004360024537075589,0.0017869527496738639,0.11334903129642264,0.0544489262237188,0.03347545290739752
2,0.6535072420596867,0.004916800133468414,0.030422680044234842,0.007798961259261542,0.00013774090652856008,0.0563984032486707,0.060886244088375056,0.0013597670512829887,0.0018648821307129108,0.0008763582816145157,0.009278001981019213,0.06997495393254675,0.05963904596146351,0.006432421258019567,0.0018738824909160243,0.0004020969661316903,0.006800157801159541,0.004765178806040142,0.02266518159886749
3,0.0013753485057059153,0.007751903562256558,0.001797402703873854,0.24960714018235422,0.00011756639126491384,0.18793824727924258,0.0020453053374080103,0.0010714761961667517,0.0007969972904942196,0.000747601082326094,0.0010259557666476454,0.01449611919838907,0.005016663690513424,0.03704423820256185,0.002434420273311429,0.0007698232841232839,0.45319248108784693,0.010368216647241224,0.022403093318271908
4,0.00021817642391158923,0.013800880331656308,0.0003022197112315165,7.537400926004684e-05,2.9983250619260253e-05,0.04061837464123138,0.001227553090809688,4.954775613064194e-05,0.00010257406275661202,6.841058899692062e-05,0.00021008663072608863,0.002022406192944287,0.0024928088903625537,0.06314552797158943,0.00012682687560474878,4.6936111626305556e-05,0.8268073554374975,0.03437886857343588,0.014276089449609257
5,0.005589607651587973,0.01835020468627884,0.02642526222197029,0.03177955896405724,0.0003739456324749521,0.18095139869999496,0.03923094976537409,0.004910989027442269,0.006081590313590724,0.014113614523383892,0.006689276941077844,0.026560515638050577,0.2058000602265685,0.005262080092236235,0.21735008761716143,0.1544618318157222,0.005541432364029822,0.027506162977410587,0.023021430841587653
6,9.743301196999936e-05,4.9460672731300995e-05,8.587937861450224e-05,2.843451074542103e-05,0.8919977159262056,0.0005308612667588815,5.03754815400103e-05,2.3425649875932582e-05,8.447962564994006e-05,7.606176928579085e-05,0.00011463904496460167,0.0023453914510938663,0.00010535552091981181,5.2101488115330125e-05,0.10351587260026038,0.00014127742081610116,5.857143086686581e-05,0.00014227875031807958,0.0005003849992673205
7,0.0011255627491522275,0.000994919810509356,0.021094507627062085,0.014042187534434878,0.00016661005666131375,0.05084731289514144,0.0004957687395287184,0.2737179742147731,0.4283292382740984,0.005429978594640496,0.0029207080069324804,0.14418755068789174,0.0009419882093532579,0.0005223552149770032,0.005531135180885451,0.0011713459485318933,0.0004462217998138356,0.02021227167150577,0.027822362784106533
8,0.0003496207417649836,0.00039690179633407346,0.02369046859723801,0.0006410470545873871,0.0002490325773801745,0.8637007052868367,0.00023128846330142233,0.000466825804887008,0.0006379362036327614,0.025557700820283885,0.010347330124697334,0.010435055423400662,0.00045364926526353486,0.0002062968966640555,0.01380054660708058,0.007326510958338319,0.00021265027006462598,0.014851588442613573,0.026444844665630966
9,0.0005697935588187389,0.0013106988273426518,0.000701081112375645,0.00016317534415585905,5.435372782154299e-05,0.16641760120645863,0.08332909579910364,9.037118545505609e-05,0.00012417452131425262,8.241489288506306e-05,0.00037676474254041444,0.0010264278221924865,0.7376079069757342,0.0021095372883572156,0.00022297534961032578,0.000126822419441356,0.0009921126925232007,0.000849195250472696,0.0038454972833969394
10,0.003957041479722508,0.0028619499772099067,0.007949068637465449,0.18013797842620013,0.0003003691882422757,0.2619242505933268,0.0025039748308975465,0.0037367763503672853,0.023596096833040734,0.006615182571977242,0.002384086952053247,0.008979672061422674,0.04656463828678033,0.0022243662388752683,0.1301358988752396,0.007803566981679373,0.0023395162286756884,0.15447936100141946,0.15150620448540453
11,0.02501100656607717,0.26133245736947736,0.013560250334213441,0.0024166121764352816,0.00028107085333691303,0.1605413045044864,0.054148922630701965,0.0014853964139688598,0.0024469121309082784,0.007798016075050793,0.0026989389258574863,0.013213745481503168,0.058143863364289804,0.006699236608881366,0.19872174250803806,0.05913181382561362,0.01621733443256437,0.08833584063708397,0.02781553516151161
12,0.23166361850390454,0.0034248835404961904,0.0008904499974985188,0.13458411016975683,7.564060800155892e-05,0.0033722688144381154,0.019816017909199696,0.0033139909590938674,0.24827241175418838,0.000395972707319962,0.00030256619027425484,0.0011448631154738946,0.26118209361827116,0.011540933722187542,0.007983838165565778,0.0005411294115012914,0.050590647740484065,0.005773416745916123,0.015131146326428296
13,0.0006941947296902915,0.008220367918799232,0.0006829746270422025,0.00029594597117972956,6.5140886917375e-05,0.010382304658292067,0.001560766905394715,0.00022947415425995032,0.0005818915984916454,0.0011671564015270765,0.0007120370838799522,0.010136284693791006,0.007387073222304378,0.15701024691289422,0.10911070791345291,0.0010558747356856765,0.2536109798781083,0.4254445422706584,0.011652035437630801
14,0.002380714346361105,0.00283875695690893,0.0287790942481699,0.22740054398973403,0.0007319451999195075,0.3297536528227322,0.0016511364302642215,0.0029473966047031458,0.002774155372676587,0.0011356753519947418,0.06485525889533811,0.013016817123943744,0.0036040556166011153,0.27155801782762506,0.0054598716182953436,0.0027406967324419117,0.009182063110559349,0.006965747053165944,0.02222440069856511
15,0.005188865623144441,0.03307846543602705,0.004173165685030262,0.00484448555625543,0.00019792362289432767,0.03092694792042803,0.013347443739897215,0.003084335324807928,0.02900877979753608,0.13560104778401308,0.002954847920316265,0.03272995692907492,0.028605813865904398,0.06885305048495376,0.042326610276952406,0.0012907816241464142,0.23231844208209004,0.23907474092681882,0.09239429539970914
16,0.0028334353791449668,0.0065653706409348886,0.26193432459776916,0.002280758154830919,0.0008705606342488982,0.4749037714090131,0.004944638927589328,0.0020871143036091627,0.001845077768004035,0.003270848045748726,0.01601041842172939,0.015960503541115986,0.08851823130563097,0.007189642255811485,0.003507344237825979,0.0013812161285432834,0.014106396661472943,0.045521648027411626,0.04626869955956526
17,0.0006842697977613993,0.000668016306258367,0.4136318324787065,0.007458309175885278,0.0004294715928827443,0.3109707946396911,0.00048503203947719846,0.0824751006201557,0.0032979879571001917,0.0017843285482677992,0.008324367244885738,0.015139478392046183,0.0012261700808917843,0.00036762016804696483,0.08580976263835516,0.0014186782986539681,0.000359631446928012,0.050441217327328494,0.015027931246677392
18,0.28311210489783417,0.0030319608735116218,0.005228565952021619,0.00934142558892258,0.00016218050144791764,0.26653815396666536,0.017331575479824387,0.001065087212838962,0.0008795952325670955,0.00035164887941864444,0.001232183227332441,0.008791951019011634,0.27796684684401807,0.013178108033218986,0.0015014953303947609,0.00032040130741177014,0.008828931326586924,0.09209620479954568,0.009041579527427365
19,0.0008496530526695984,0.1278381350554451,0.001063633879464429,0.035322544274071214,6.888729815038554e-05,0.004564842479634889,0.5712066559029795,0.00339591442651587,0.0015980143990654229,0.16321092020942618,0.0006486487673734835,0.006993497494925376,0.03269742987524934,0.01421391469406476,0.006572350449563188,0.0004566023277825688,0.020298313156199732,0.0007338450415882948,0.008266197215830825
20,0.00044933370395144943,0.014622900845844248,0.001229609877654751,0.0002547291459710682,0.00011833469167881048,0.18251948320255898,0.0015276332892423907,0.00019043854583709958,0.0006446950703394254,0.000371287178848254,0.000943421192549626,0.010352139550940135,0.003420177197802159,0.02856681341160115,0.0009792736876579609,0.000291009500068725,0.4597054074554172,0.1929653202360581,0.1008479922159782
21,0.0001346904512240901,0.00010660947788310143,0.00013127671946875543,7.571339524085922e-05,1.6454601854373077e-05,0.0009074075658447984,7.80691711123402e-05,0.0001179212716551734,0.0005523412944287516,0.9522459421883742,0.0011632069168094946,0.034466893124144714,0.0001030044025952259,6.934683764159252e-05,0.005008372894117755,0.0007265526750598018,4.3435003839724525e-05,0.00013071062348009443,0.003922051385225161
22,0.0009183397451622601,0.0009642375160054551,0.005854370389369816,0.0007513217658703344,0.00011459276215810092,0.06190423273987164,0.0004285666644799811,0.00043848017156722163,0.006219367936664238,0.023424910044574695,0.016864049647645513,0.21310030190968174,0.0010379947949989122,0.0004021886452337204,0.6188786968612908,0.012719560298793916,0.0004567380540892509,0.005549779543996629,0.029972270508545878
23,0.09955840222307379,0.0029105572638272203,0.0026761072202233487,0.0033011216980452147,0.00011857905451024086,0.10082614225668841,0.003775463645281419,0.0008875938114997569,0.006207829369386784,0.0004648493473917323,0.0031600635421867094,0.03242763986934536,0.006857488552937415,0.0013893913593829126,0.003360847544774052,0.00038418305093975666,0.0007654552480882936,0.018974062762760098,0.7119542221796575
24,0.002668731497344723,0.0521498805672458,0.08757361778885223,0.002303594651759839,0.0008481149964217582,0.2335911325133068,0.019563311916009147,0.0009227312554901992,0.0019392256085542104,0.0009477870065039317,0.04312340253408448,0.011074642035990189,0.1604888024891638,0.06892683142687672,0.006827491477925856,0.001230892975463871,0.24094934970712256,0.044210449470561616,0.02066001008132227
25,6.872636329256906e-05,2.1761149950965084e-05,2.707003446172458e-05,1.0031393100885876e-05,0.9983953796703035,0.00016984977614588643,3.050743547724012e-05,1.103057495726471e-05,2.9513547017067778e-05,1.3463926107613552e-05,8.622961171499221e-05,0.0007179386421776156,4.278064918669567e-05,2.1028663273419365e-05,3.179167590067954e-05,1.3141270876180695e-05,2.1773397859839397e-05,5.1309229845402984e-05,0.00023667298835048576
26,0.006831663519493152,0.0005550028175764982,0.000385657905428388,0.016994085151782093,2.3451454572550025e-05,0.0013138582331595934,0.0005096820449389858,0.9266687076507483,0.013361649489240028,0.0013572498530820469,0.0003524537990384956,0.01382245459081734,0.005092885442842521,0.00023976171811130792,0.0008195834885780851,0.00027466432801423425,0.0002002990181128719,0.00038374375315145063,0.010813145741312107
27,0.00022617906116144157,0.0001497194087957545,0.000436605990124611,0.01685166201328189,4.144720694576288e-05,0.004885836370816947,0.00015192199471056935,0.00233876718072475,0.4049630154935957,0.0001383117096461783,0.00015973269260971843,0.0007583029589342063,0.0003306736197839246,0.0001312539887156322,0.0013959035595340317,0.00015278286113617874,9.59537134915158e-05,0.003191539947980535,0.5636003902280107
28,0.0037959727394642324,0.06076397869142116,0.005017689842145471,0.0021514176584985912,0.00033689354935275675,0.1663553580485237,0.026544024980637754,0.00114683748123044,0.0021518952880541903,0.022526602534897446,0.0030023674423164328,0.06971282783895232,0.08309893973259215,0.15544761326447243,0.005221839416137342,0.001069634386700653,0.20201962190474873,0.00943528069520316,0.18020120450465107
29,0.0015417891125261228,0.02621814436047762,0.0355132977678795,0.0014686850484436269,0.00024712813866428567,0.2711303968134882,0.0013117508375162306,0.0013492918297960327,0.005314044384818154,0.08116294403410683,0.040529916548430106,0.020761357949777164,0.005886565706582731,0.0012901103020198953,0.014055263464405847,0.22023807005594523,0.0017455640735213958,0.2078146504762921,0.06242102909530885
30,0.0013868852286608505,0.007082645837033175,0.0028718128858585333,0.004379985580366641,0.1548079255400836,0.014189683540319598,0.0019571196554286005,0.0015631840002210513,0.3556116061006682,0.0012395683805113086,0.0008562794549268699,0.015048173156393228,0.01662054416640794,0.34872080891242696,0.003961805699878259,0.006130118190775937,0.029083517037059678,0.0023903951308096414,0.032097941502170116
31,0.0006245412005623133,0.3111989731339017,0.00037305379674118435,0.00011006239999833291,0.46611278304829906,0.0016625106354080318,0.0016979890603288422,0.00010484756089135392,0.000258005542858361,0.0001994562086617277,0.00019153841523080086,0.0027085373749671433,0.05638450513804455,0.005364003914701831,0.13119227970483374,0.0002179890613039754,0.006240794155170305,0.0003685308585951481,0.014989598789501636
32,0.0005787275120310336,0.0006214732248081711,0.0024867023886028542,0.0004681582241054681,0.00012304243520115055,0.062001683203069605,0.00033575234391871575,0.00030314508300382224,0.003977599174107689,0.44990118823408587,0.13395246710404807,0.3179482819432857,0.0005217382519942227,0.0003657091245922118,0.004106937500816591,0.0011300164500438888,0.00032432627739639985,0.008089947529689591,0.012763103995199069
33,0.0002579277447675903,0.00023965076137203462,0.0011650712289404046,0.00014971822208995007,0.6201262610698941,0.0654007461216712,0.0001615739428929648,0.0001222852623973035,0.00044531830095787195,0.23982857468405322,0.0008768779209986418,0.04157453565006053,0.00029419637238532693,0.00018699848361521964,0.013854690309577053,0.003922437884704149,0.00015493908447865193,0.0009983709048739051,0.010239826050269683
34,8.55648280453457e-05,0.0026235760998502234,3.452299440443761e-05,9.733780375645672e-06,9.652173928069682e-06,0.00011059703126369262,0.00022739580047862008,1.1300695009546247e-05,1.2412340344814694e-05,3.0110022648810244e-05,1.9133090515496904e-05,8.61117680539903e-05,0.0006598707834239802,0.021260224187104,1.479067814463821e-05,2.3777624636596312e-05,0.9642408985755208,1.9196139004186783e-05,0.010521131387247255
35,0.0002469625672895025,0.00019239187407207872,0.0045011046743401485,0.00028275630132579976,0.0002009293275045011,0.2820676133751851,0.00015668411754107695,0.00022827829914978114,0.00042159512387876643,0.0005021384032312543,0.0019413844858772772,0.006853170958419511,0.0003147916506454765,0.00017269147332353137,0.13978222920131167,0.0003877278105241227,0.00017836353412280372,0.5584890570269855,0.003080129795272187
36,0.0020792670149977245,0.018318397112491627,0.1600227665865782,0.001313389161751014,0.0013831183866522489,0.3069151383572804,0.1048277491175496,0.0014363465517780246,0.0008372772828497653,0.0004116449111053225,0.0959721549293604,0.010004637659371587,0.258073780394462,0.010233871077949956,0.0009799748265712984,0.0004852145717495447,0.016655753520410203,0.0028634031747848993,0.0071861153623061546
37,0.0004784109750673746,0.005127316829065001,0.006182453892268776,0.0012257048246928893,0.0005569316438709145,0.15924421497607383,0.0006590700547796948,0.0005688835619455891,0.0018053296001886835,0.012748468552791324,0.0024185658837618616,0.030355728595421762,0.0015117897997122892,0.0010636924655587387,0.025029570481873348,0.0006928476114939984,0.0007397225625448621,0.06155369749152833,0.6880376001973607
38,0.048738296944895544,0.010667020347705431,0.005206274799648338,0.004063812929302077,0.00011702651430370985,0.02886650318900788,0.0066511579976937345,0.002198539723679653,0.041273177462288785,0.039765016246212356,0.002165380959362383,0.015772936726065265,0.07833858938031854,0.007840828947822395,0.016195367709742982,0.10653643023617088,0.00620972408182988,0.5554511862820993,0.0239427295218509
39,0.003931016480268941,0.0030947763973410893,0.004306790201601488,0.008790206406232558,0.38103214511552613,0.01844246335646043,0.0028700135716652917,0.014830712076433295,0.11827323501271354,0.250024807775153,0.001833157147560969,0.025681199737089783,0.005160093795762197,0.0011736636420825808,0.1037250289012113,0.04039978987529447,0.0011241759397697753,0.0015025516174243616,0.01380417295040878
40,0.0023474276433698023,0.3576596452980939,0.002640114802017205,0.008625933732841708,0.2056972505576988,0.031714403782992784,0.012173923696874207,0.08231467570268954,0.0029475061324577153,0.0017537722342989795,0.0010267869224448668,0.05739387871546557,0.01804126321704339,0.09404130656224455,0.0020369673121439316,0.0007013346983162206,0.08570287334526705,0.0022175850365665725,0.030963350607173028
41,0.000660367638588342,0.15554029744450176,0.0005634185577781085,0.06993211143932111,5.386629640197304e-05,0.006448757662441147,0.011804355082091074,0.0005379342634624988,0.0009829612885094677,0.00021950751286625315,0.00034744184101167164,0.0035088448355904607,0.02251911273054913,0.054891867348507935,0.018646772290592875,0.00038351100178093343,0.5221982291720331,0.0947774894181016,0.03598315417587052
42,0.000493012076767878,0.0006336468400880278,0.033899842928142555,0.0005205481902773473,0.0003394103336768087,0.34190112793276517,0.0003214341513146276,0.0004935655461686319,0.0009613436893019001,0.0005078622386068285,0.08342369076096842,0.01113005787677152,0.0006218480189688877,0.00033317812064661856,0.1315110822878927,0.0036951269917055063,0.0002863637627564345,0.38256834750661034,0.006358510746569603
43,0.00019066621937781985,0.00027522340037813316,9.305069367977013e-05,3.949478438873245e-05,0.6975093066662412,0.0003822119169791872,0.0012913778918803107,3.1581105926703425e-05,5.100426809922987e-05,3.3568880983998685e-05,8.997067062109763e-05,0.0009396900917430022,0.29288409762584616,0.0002438306871547856,7.159477477907092e-05,3.5493249196935006e-05,0.00022669289070238407,7.243775554864703e-05,0.005538706426472787
44,0.0010415430572636723,0.005219323253591994,0.5319510545716948,0.005660235988538218,0.00020405790902258456,0.14643594472370036,0.0012174571622445118,0.2106996864763707,0.002775272466079429,0.000812046562981854,0.0027939319543533268,0.029399636306888147,0.004959562375212817,0.0027897895571828858,0.005922758112635176,0.0008031818091702999,0.004350605179286686,0.029344088726080096,0.013619823807702321
45,0.00016087491400670133,0.008987548303155218,3.620939372891084e-05,1.7018423494934703e-05,1.227974693103974e-05,0.0001356601426539136,0.001444560293718556,1.5071638085916021e-05,1.9248695842730478e-05,1.7042266021881932e-05,2.5321899253225575e-05,6.89375693527914e-05,0.02775976078608741,0.05243058389180302,1.755834979849412e-05,2.6354607653644147e-05,0.8987788802022284,2.430825739456317e-05,0.010022780618788762
46,0.0008995018747518214,0.1622911771498047,0.0004885866357547897,0.0005608316366602912,0.09629488772886285,0.0019155931690936572,0.2901222557403547,0.0003680381274462316,0.0029062494917213412,0.0003628815352683587,0.00017957322255559495,0.0009352423132345909,0.31446810089419536,0.031282381340404494,0.0037883491906989916,0.0004930532263072464,0.07894710373266768,0.000709249939655617,0.012986943050561542
47,0.001960319068281807,0.22909629123978825,0.0006414428355434431,0.004511575180100138,5.5444471247728096e-05,0.0022306000356085987,0.1101992588548565,0.00398982911932216,0.0017238256195689203,0.002794222715048386,0.00027643921532600926,0.0025006139208997467,0.25869867696148696,0.05776642287415957,0.07854755687938537,0.0006620978608269861,0.22305531646519652,0.0006914908435000385,0.020598575839852844
48,0.02135867765116083,0.003013006910857921,0.1501343097047727,0.005921605222571266,0.00019929401233802782,0.07525532576744248,0.005777014094138697,0.01073096836309628,0.008810924703817833,0.06961550433509776,0.004445576874808423,0.02166552751944877,0.09615452872193916,0.0012688939323327426,0.17544927289556636,0.01188429555009501,0.001600702155201776,0.32155391100264274,0.01516066058267114
49,0.0008420596729807549,0.0020494290227061843,0.014008519021826538,0.002727809226385536,7.114355614240504e-05,0.048296589277884716,0.0008664718244902362,0.12018976196459204,0.0020321801160742632,0.0013213781582640872,0.0008566573456795474,0.013903319590382745,0.0034359082818352558,0.7148987147746099,0.024038158808106048,0.0011615224443194347,0.01976047692815882,0.00730818479802256,0.02223171518753896
50,0.36297051798402624,0.0030085489757473096,0.01303088331885739,0.0037927612753983772,0.0002629369041130453,0.29751623447658737,0.027768080062336147,0.0015219082231560264,0.0013037212435698907,0.0007845556558507135,0.006512082405531225,0.010122638473587528,0.11470751383590039,0.0032526646569954504,0.09890470686254385,0.0014608305844498607,0.0024621419086013805,0.0425769627574591,0.00804031039528862
51,0.003003783885239013,0.015070130845779609,0.050257118741352594,0.002226493626532933,0.0773657722789004,0.2206180149769176,0.002698645567569623,0.0011681611409213367,0.006352250778066832,0.003645458333150353,0.07346538808007662,0.2480982791590655,0.017084481182955445,0.10437077179574421,0.007157922020668231,0.0021389181378406678,0.008023082146289263,0.13232203930717384,0.02493328799575577
52,0.0014074039906083777,0.0013418216640502527,0.21164490378302267,0.44334961486436225,0.00029373399346511997,0.1819641521506506,0.0008670064612028554,0.007910627268839933,0.0032356859191882354,0.0015080964787709985,0.003987679254225009,0.02692474203985623,0.002060847494412144,0.06273546641921826,0.0038794331159286433,0.001413795245089981,0.0020034294118235632,0.025707086135587302,0.01776447430969767
53,0.0016365759742994178,0.00747717700874295,3.676734924585337e-05,1.3109231159943938e-05,1.0049203682968173e-05,0.00012243455237189333,0.003219734155634762,1.1654769256046362e-05,1.79047260457921e-05,3.288032302342232e-05,2.1468299288479855e-05,9.516256157412166e-05,0.042057449473570915,0.06993516344861654,1.7271814738942542e-05,1.8098247807765612e-05,0.8633443860477641,2.1220917892221676e-05,0.011911491895283734
54,0.0037825378256869466,0.21007205915133567,0.007431920526580982,0.033326651670599734,0.0004793405397384936,0.0705075575621914,0.027198468128601654,0.1444122903048464,0.14073476288099304,0.005018389651484119,0.018158776690807343,0.25145879329471627,0.015496757029221585,0.012956013153490833,0.008434317327394367,0.0020659153358411723,0.00996604247482561,0.016367753346871,0.022131653104773608
55,0.0012726282680221386,0.00048767745956730636,0.025451605734903307,0.14972948111373321,0.029725386489184803,0.04258758381318448,0.0005676386725458389,0.038525571548177644,0.6376960199769107,0.0022416193812353066,0.0010661329752137305,0.0020497639538158956,0.0011715022772551523,0.0003358629930159065,0.04080371988305322,0.001044287404350551,0.00032821903216640705,0.002624689116746439,0.022290609906917874
56,9.719716928345291e-05,8.819832045872108e-05,0.00010158979521717697,6.585544990182552e-05,0.9771962835461884,0.0005326746725643402,7.487194871813686e-05,5.580513294328396e-05,0.006140510440282156,5.260550221041032e-05,0.0002177187468263746,0.004827982700783269,9.425447536424053e-05,3.5961842031747886e-05,0.00024789339241041157,3.882634991953947e-05,6.52003058262286e-05,0.00015884300714031157,0.009907727201929993
57,0.5957158206385214,0.007589597216767381,0.0034721492922847974,0.001087621147433091,0.043341765169410414,0.015287300699358124,0.03915941904215547,0.00046643480255954915,0.0009521612781171473,0.004212999819474344,0.001093304626069077,0.007267416880394498,0.1182933217365871,0.06654959232680195,0.017768477399195536,0.024889691778697667,0.036232591108168795,0.0017612284081182227,0.014859106629885478
58,0.0003740276216360956,0.13546963143965188,0.01361184280602522,0.00023832574614494765,0.00026314084299333755,0.1174046030313383,0.012911706416727273,0.00013111504399300865,0.0003049590584300963,8.000927557085452e-05,0.021863379920006296,0.001756704518043044,0.024980349325695924,0.09213247577300246,0.0001802210208720574,0.00011286985386835274,0.5680288164715466,0.00046388506916204234,0.009691936765292192
59,0.0006386803069893215,0.0005485170716091425,0.0006567125425096333,0.05901866944226422,0.016003359398130895,0.003572284784010155,0.0005265507668016674,0.007674701015830123,0.765564020150813,0.10734484218725414,0.00019889207843738383,0.0012586418683120922,0.001536636999761668,0.002742425176225822,0.01377662337791411,0.001980743380626257,0.0016475249386053235,0.0005834376641293565,0.014726736849775716
60,0.0018293250231293868,0.01015770079943846,0.0028644439657072953,0.0017017669110197576,0.00016420395037420948,0.06887843132929629,0.04152486033821617,0.0007523663269470219,0.0017238713699606796,0.0008388974564966233,0.0015042371404243539,0.0267161748205996,0.40976196338006987,0.04495803262063601,0.0021780439593632036,0.0005003707088381335,0.007393980861949356,0.07297586371273099,0.3035754653248026
61,0.07070376092552834,0.02567600482104416,0.008240806973948004,0.005099816397000762,0.00022419714839853547,0.09487119281180871,0.02267964267559177,0.0020486025028528553,0.002744786369428072,0.010996483366788653,0.003522361952172302,0.009365432946353024,0.12211516498441125,0.029190445028927633,0.18944546197594941,0.0029101832381256544,0.3659995644691464,0.005821553533677107,0.02834453787884731
62,0.0013686968054715486,0.00100763583796904,0.005650173830328035,0.27652284720135145,0.0002243927639698336,0.07270211783698113,0.0005854608528294078,0.0019496690743475193,0.05094952277524137,0.007187904604964349,0.07326200450810726,0.45896427548805013,0.000967790993584358,0.0005150859160725953,0.003942472763835225,0.0015191190709183645,0.000511740073886727,0.01336197830967797,0.02880711129241374
63,0.17377101664877181,0.004437385068519824,0.03221559382910637,0.17219390369414245,0.0004982185419116122,0.090085862055237,0.06649692487479587,0.0024077036467109146,0.0018644664662380108,0.0005357130741213032,0.004656108691335996,0.012559385648065528,0.3977062625782809,0.007282589362547156,0.0019272464432751751,0.0014089321250072818,0.0035626934642690516,0.014664903720138213,0.011725090067525772
64,0.002510277970337497,0.0024020039141503563,0.003740765467756958,0.0012376404544784268,0.00012810751870875918,0.0891128344199996,0.009064469672278981,0.0007643558931612494,0.0014123867007611664,0.009899884921208838,0.0018001537630372396,0.0113373032293043,0.6409385613207571,0.005944615237065281,0.010916450780993991,0.05906718551214983,0.0027067205249660573,0.1267546411089647,0.02026164158991971
65,0.00023867684747832705,0.07533880398096517,4.725740910932988e-05,1.7785265743780324e-05,2.056861275471909e-05,0.00015517743628986103,0.011942213958731724,1.830265858240073e-05,2.1317617828538593e-05,2.9149249593908928e-05,2.2276062068928774e-05,7.932717689632366e-05,0.08651102260212912,0.2177582273052707,2.0008683597182003e-05,1.684885931563129e-05,0.5933791228745215,2.7799744750693356e-05,0.014356113654372058
66,0.019223973881259748,0.01396423211295241,0.2517349030514278,0.005317531656576225,0.0003777409943124377,0.212814437157669,0.013457262534338882,0.002652668647885793,0.0037218954991318585,0.20222750683056953,0.04286512627650069,0.026763171331407067,0.019414109460838765,0.002796601437836967,0.045900827993153696,0.10098462305575533,0.0034903001469042115,0.012829982157939634,0.01946310577353994
67,0.0011409872778629345,0.002653706642266488,0.21412396595156155,0.010851900905424854,0.000253204556685379,0.12911782510965705,0.0008056349954304397,0.0017220232545104668,0.04085580212553007,0.004492497008699168,0.10867955357066342,0.3208671980584818,0.001153887519457528,0.0009181867157296293,0.005057872579578912,0.0009857402363151618,0.000969095281762721,0.14446353717579097,0.010887381034591342
68,0.0004255822425364343,0.0002973613897651775,0.001177278900155923,0.024782124043679486,7.094805091727075e-05,0.10244487971619146,0.00019095961737923385,0.814793214555513,0.010601427717483075,0.0015237960451318468,0.0011180306919513071,0.021427826219281708,0.00038197648551110226,0.0001852293711771998,0.00157467232248763,0.0006437445203964599,0.0001793825087156356,0.004698924573940467,0.013482641027785623
69,0.004649180687177105,0.3161896029640417,0.18724423469659535,0.008809153651544447,0.0008915228007708446,0.23596333979372403,0.004651543204988672,0.003779562446917195,0.06418187354519946,0.004815097487981771,0.06262576821157671,0.004999604459947173,0.007074673485748197,0.009410013997302916,0.012417094417066777,0.040041972857612455,0.01659324788845721,0.005579818322663922,0.010082695080684179
70,0.003059951710305635,0.06912006416254304,0.008086696227516017,0.019199828814481342,0.00020413525173539475,0.12472069517175917,0.0288269917334784,0.00661894208203567,0.5240921432054986,0.004213856948751083,0.00160467522109236,0.004847988782104366,0.023472724545853058,0.04618437317770803,0.027652583119611402,0.022243517864612063,0.01706047969617509,0.01858786315010607,0.050202489134633155
71,0.0015462516107435718,0.1584170126175818,0.0058278668606587475,0.0036140251747418233,0.00011977865940546711,0.013336660893671956,0.5255212973779446,0.005615752325137166,0.002236477078256319,0.0051093895527480485,0.002003733813328803,0.031014354174232317,0.12858090394291768,0.024814968519680406,0.0036878966773588695,0.0007664743531600695,0.06833575430677412,0.0016856864832339462,0.017765715578424147
72,0.0010834529806795028,0.0010234674873891413,0.0015872205353280099,0.0038956477694969726,0.0001374452451813323,0.012398607873090814,0.0011677821598870487,0.25698971917800023,0.0030455151541287405,0.0011884793555027248,0.0007419204001991489,0.010535455456738946,0.08342204179054032,0.0011169823417703695,0.004380921116621832,0.007104395652139509,0.0009626688091213861,0.5822919729995949,0.02692630369458922
73,0.00219318007597459,0.04430202304847222,0.009623557603331273,0.004888384592552839,0.0020864244681079685,0.14086048917425903,0.0025132186855781388,0.00425127339275056,0.002080585324933426,0.001566975039948399,0.002247527207829277,0.02561230304231359,0.004744861029381103,0.2374986455464811,0.001470899336492275,0.0009455836512929326,0.0054342671628682575,0.36316921483247494,0.14451058678495812
74,0.0015312531618554101,0.0014775897835369878,0.0016505664853069014,0.009659777517362106,0.1761220687574015,0.00570844136988768,0.001036193264441895,0.008910601719810398,0.3844115345828089,0.040228077939352284,0.0005042576743717727,0.002890591369815809,0.008867030054759868,0.037270361921657016,0.2923372413577138,0.0010871495473808836,0.002786299335607601,0.0009517577754405873,0.022569206381488578
75,0.00041551514406126236,0.22649173131278313,0.00011507679146172188,3.860944249949622e-05,1.9774435968913193e-05,0.0003692499245740495,0.514700210307664,3.158155859938583e-05,4.3118282804231465e-05,2.4912804296923077e-05,4.117923495769246e-05,0.0001803342404780083,0.15492398105097047,0.024530410007591947,6.745491393710572e-05,2.7601251802409638e-05,0.06809028738711363,6.63353556051567e-05,0.009822636552830588
76,0.0007042921758585728,0.0008217372963221435,0.019204007300477492,0.025703538586253193,0.00020635549336003598,0.4226516771715561,0.0004967563825451277,0.13462731300912406,0.08521355141445199,0.0013674366356346062,0.0023027161184192768,0.012501785679933822,0.0009067777965195172,0.0005604825169942687,0.007750143601799354,0.0010617479893855494,0.0005924849168127608,0.04595213559270975,0.23737506032184244
77,0.0019491176099158032,0.1309071738660486,0.0066641161026287634,0.013523664948262145,0.0001280356020237394,0.042597610378977115,0.06375696938124416,0.07504150740223386,0.08548876291984252,0.0007502416008487679,0.001597762087075024,0.008273128939765648,0.33478679088138014,0.06405267374484454,0.002954446922133459,0.0006722218272725265,0.13186342982817317,0.0020458201363164567,0.0329465258210135
78,0.0003132314470120063,0.0017289732579448577,0.00014084232448888126,6.0940286750098644e-05,2.1493101506673834e-05,0.0015115555839046915,0.00032605890178788086,4.9763850768230345e-05,0.00010739289010313347,3.827380767975826e-05,0.00022609585363604412,0.0017673004125956003,0.00042972510901706545,0.7590600627178408,0.0001398990195306153,7.353655098095507e-05,0.008684683497728059,0.11840632171344206,0.10691384967328245
79,0.0009150093686255446,0.03983992236708683,0.00023096421409837266,0.0008722380130332008,3.333032944535011e-05,0.0008035506980573168,0.09806224099396105,0.000649984708583927,0.18657206227389037,0.00014519267077971973,9.360299218591836e-05,0.0004009780237893149,0.3262421788096296,0.057977212986698036,0.000466617125869754,0.00011673636788110872,0.2765489988003674,0.00015437989300588485,0.00987479936301134
80,0.1049734277449012,0.013073687005777716,0.0016051590833899318,0.00037425382352138087,0.44773502283919736,0.01334339576586746,0.01678881653946325,0.00032851619833134136,0.0008573923757179556,0.020693529298763568,0.0012806376718328429,0.020989906610371128,0.17791690000781787,0.03581126901717215,0.0055766872398908445,0.00126016591771483,0.10844821136507998,0.0008534611093092035,0.028089560385880223
81,0.0035156498429798704,0.06836865388504976,0.011046997425221913,0.0031169168185115306,0.09012952119748477,0.06985298022426144,0.07200682010130192,0.001722252367090508,0.032414334490868134,0.007749439435044805,0.010543494904841277,0.04028977823723342,0.2592859904385269,0.12698848145244687,0.012772851980957898,0.04468130371035516,0.12299998222938849,0.005973335839925623,0.01654121541850974
82,0.0033822247470210206,0.0029412478835239616,0.0018915285218356007,0.33991491713789823,8.842854405234437e-05,0.01553423652488302,0.0019007218162639301,0.0031219758146220048,0.009169975755394294,0.16266298850256738,0.0013503690243324268,0.025425035493283628,0.008367294280498469,0.2525028931336835,0.009783148364472194,0.0014371820340962963,0.00258979393862406,0.02056363651602718,0.13737240196692033
83,0.002637162371443722,0.19893405989966118,0.004549568732608179,0.05133994324990271,0.00017914198686174078,0.043512075578159386,0.018658794013319012,0.16482911055212227,0.12255759160481643,0.0027085897564448824,0.0010756270754675096,0.005303870926171317,0.04850645510650192,0.10990867110625316,0.008100666298679591,0.0019213075451440665,0.12346801634650184,0.060223427115390984,0.03158592073455022
84,0.002866213512483058,0.007901605636125903,0.03332915496126396,0.0038499023861294406,0.0006746201226730437,0.31105763189242136,0.0026197218111050015,0.0032526228259942744,0.009264213418059674,0.09069733209866847,0.03707731329139497,0.028117907300230043,0.06781278312872319,0.1581068630992328,0.029792096018314788,0.18360519728009392,0.006984180072656499,0.007116921485506555,0.015873719658923077
85,0.0024461903582185286,0.0024696370974518094,0.011443050973473848,0.009161971612183701,0.00023920940718481263,0.07645175437896858,0.0018713279118660398,0.0056503651456243234,0.4091686995802317,0.25679350958928243,0.002944569360113722,0.007121895147581373,0.006148210665758042,0.0015200697244573545,0.05196700987933872,0.025401404786434024,0.0012956064743810444,0.010744591243110483,0.11716092666433953
86,0.019510542963275663,0.0014956423579173686,0.3856714536752103,0.00913874710181091,0.00044541577598325617,0.2754370522611921,0.002141735535353139,0.008904494998259082,0.005528189592838334,0.1353897550973456,0.06729098283951603,0.05178856824459715,0.0037265207841681186,0.0011484151305481273,0.012358490613620444,0.001682768744266359,0.000885213731098,0.010248667060195171,0.0072073434928046284
87,0.0002542640086119599,0.006783957141420023,0.0001573029591811005,5.0938465543026986e-05,2.4125365482689093e-05,0.0012211925964834454,0.0007885776165377402,4.038211252404444e-05,8.909835092709235e-05,2.5743633081956965e-05,0.00012122576585092214,0.0018280359504989233,0.001387005733542378,0.8091585318362837,7.390438021979134e-05,5.581856438436707e-05,0.01710692393509298,0.10970023182569028,0.05113273975864365
88,0.00027707353864447106,0.00032617591687640434,0.0005858405085653244,0.00024273361887771242,4.1726962619200754e-05,0.026768925270053725,0.00018546322630634074,0.00019965221547899674,0.0004445518479872631,0.02180423525886556,0.0005973513567132459,0.025353036956759823,0.0003827963965448685,0.000160969563649252,0.011359199945986909,0.061340523169129885,0.00013089711006335434,0.010738359667126057,0.8390604874697516
89,0.0012965002851729587,0.005320296677011937,0.07037804306003463,0.0022629154372511917,0.08198726194086708,0.2348327981762158,0.0009587001166235825,0.0012872194102688233,0.026659379542477737,0.0013944208488647879,0.012944383381858974,0.2533770439017894,0.002475879679961685,0.024849088852480668,0.0068416044515770885,0.001210069409417098,0.07917618200475361,0.16374874080418644,0.028999472019186387
90,0.0023068999017122364,0.05040390533079179,0.016464144341380313,0.026760472723356476,0.13184625077313414,0.5371004949713876,0.12534348826961325,0.007545695285252288,0.002744305244728268,0.0007845452347087509,0.006389010513410716,0.02841893840476624,0.010161063983756994,0.007953415926318387,0.0037640311969443043,0.0008664673823832938,0.006554672510031094,0.028778092496524823,0.005814105509799378
91,0.001559384112694415,0.002224730850860435,0.2736599825819982,0.0007634086863014495,0.000792505770347508,0.26951980680298543,0.004889889218533158,0.0007683771179501597,0.0004295922332952694,0.00022739713038994787,0.08328773342776374,0.0034113609302345907,0.3484577121992608,0.003051273662462078,0.0005232221956087517,0.0002609277102661689,0.0025148257016571296,0.0010633238061897904,0.0025945458612007836
92,0.0013443334952524713,0.17986684428747401,0.0012806680740608152,0.0009342643699358402,0.00013523244016970076,0.00897761514460394,0.2450604092616503,0.0007204051396669875,0.004427689887278432,0.030864824989469113,0.0007133567879920513,0.006590940500857409,0.13778584291627938,0.08788989114284304,0.015213832264072956,0.05765268456629536,0.1996686300739363,0.001968418878725769,0.01890411577943636
93,0.0014225737429826577,0.023552898028438168,0.0008238737333351447,0.0009343182557054042,5.0396156928198934e-05,0.00695141424213509,0.005468510962636887,0.000579439148558018,0.0018748655901796067,0.47895260182873983,0.001326348613886082,0.03971852463703525,0.4059328455598862,0.0028765678930693563,0.010612257086248382,0.0004234599629460587,0.001470922934707975,0.002524800641736114,0.014503380980845451
94,0.014132677880722807,0.0034143069795280713,0.40904383902867314,0.0028831812302556755,0.00032580797205006116,0.256747250766798,0.0047099932821876665,0.0019579392093159917,0.002418371934070202,0.0016761253121064749,0.004349469394551493,0.018130971760232036,0.022522755497104155,0.0741091355741127,0.09146260862675275,0.0020318711529609883,0.009853557807683669,0.0335006896622013,0.04672944692869261
95,0.00028645203787157624,0.0003137804718683459,0.0025849569854729812,0.0005789365370733029,0.5549228430747893,0.1881106509398852,0.00023610003073901677,0.00037873988991032366,0.07167420585859759,0.12551766608946488,0.0017335398780462862,0.031840033092214566,0.0003613239867395978,0.00020965866192835847,0.006125386492989759,0.000730164061751037,0.00019344344161670177,0.011287334985632997,0.0029147834834078803
96,0.00012596898291335394,0.00011054146724110434,0.21265957482520073,6.106496967928454e-05,0.6958140517144368,0.06032928285347262,7.628053216384195e-05,6.914719681510212e-05,0.00015885791406001858,8.549841586628587e-05,0.0008662122314932513,0.013565018619997,0.00014996846882910677,8.931241567108028e-05,0.0005273858092495701,8.367799664450857e-05,7.27063604634419e-05,0.013263456838780998,0.0018919923870217715
97,0.0010039254146625499,0.052453714178228736,0.0007252939944192361,0.00015972657722406383,6.550835582455356e-05,0.007932398240143424,0.15934094514402639,0.0001531562480548715,0.00028712252360557346,0.0012789379589915504,0.0003402535483791002,0.005487726754784569,0.5442843486833033,0.0883940663107438,0.0026510469303327234,0.0020658042825020552,0.09789175749472255,0.0013272877452690213,0.034156979614781854
