"","alveolar macrophage","b cell","basal cell","capillary endothelial cell","ciliated cell","club cell","dendritic cell","endothelial cell","endothelial cell of lymphatic vessel","fibroblast","goblet cell","lung neuroendocrine cell","monocyte","natural killer cell","pericyte","smooth muscle cell","t cell","type i pneumocyte","type ii pneumocyte"
"0",3.08712212590682e-05,0.0467974729503401,3.08712212590627e-05,0.093188256629743,0.206007979684358,3.08712212503988e-05,3.0871221259068e-05,5.43937632171425e-05,0.36651903212534,3.08712212590642e-05,3.08712215953974e-05,0.15104414788569,3.0871221259063e-05,0.0236777085055073,0.0654286192069175,3.08712212590613e-05,0.0207121102634377,0.0172835165978673,0.00903979261718115
"1",6.35955659066838e-05,0.0611692849839177,0.0459609500957284,0.343039498355173,0.0163160586348108,6.35955659038236e-05,6.35955659066807e-05,0.000203900183491477,0.0299246419721399,6.35955659066753e-05,6.35955659066802e-05,0.184922056380696,6.35955659066719e-05,6.35955659066797e-05,0.0859507373298764,6.35955659066748e-05,0.123885378228407,0.0999437793912877,0.00817494991722124
"2",0.322633675242991,0.0103753608208547,0.0526005092104038,0.0388395556822913,0.00144656771847475,0.000501611522776969,0.128276847695519,0.011364568570602,0.0297903658036967,2.5998596395613e-05,2.5998596395588e-05,0.206869907019481,0.00967294064224863,2.59985963956124e-05,0.0602725562111841,2.59985964417753e-05,0.0817903510248751,0.0388761599584552,0.00658502849051745
"3",4.03640570861566e-05,4.35515671741251e-05,4.03640570861556e-05,0.35077816597361,0.00831608131551868,0.00807744546860299,4.03640570861862e-05,5.99072630328151e-05,0.00617248366808142,0.00971391193833844,4.03640570861274e-05,0.0838972813122377,4.03640570861622e-05,0.000114752744298814,0.0752892182225173,4.03640570861541e-05,0.376502801678955,0.0658838809090126,0.0149083335961026
"4",1.12030997511926e-05,3.4650974020934e-05,1.1203099751199e-05,1.12030997511918e-05,1.12031001167885e-05,0.0022611263619876,1.1203099751184e-05,1.12030997511974e-05,1.12030997511914e-05,0.00192237820239653,1.12030997511915e-05,0.0471675837074278,1.12030997511913e-05,7.14815524961945e-05,0.0152246582089541,1.12030997511983e-05,0.844315198956265,0.082108553957145,0.00678233708142959
"5",4.64338441296364e-05,0.0376948370183122,0.037879011125325,0.0716184152677573,0.0058183265598773,0.00231708808215964,0.014238676464875,0.0018228435178588,0.0287697873015289,0.0580584431380443,4.64338441296401e-05,0.072303012200812,0.0596240560240269,4.64338441296444e-05,0.408780375709446,0.11170460750509,0.0085623627221453,0.0743150595260961,0.0063537963042563
"6",1.29054092616266e-05,1.29054102022107e-05,1.29054092616594e-05,1.29054092615666e-05,0.801835899402622,1.29054058578136e-05,1.29054092217943e-05,1.29054062047786e-05,1.29054089382637e-05,0.00253868156239192,1.29054098866575e-05,5.3633668956432e-05,1.29054084166078e-05,1.29054085129541e-05,0.195363797608836,1.46719224858206e-05,1.29054092616119e-05,2.55455211650266e-05,1.2905409255551e-05
"7",4.7740356940941e-05,0.00700868227100625,4.774035694095e-05,0.0123565963165125,0.00184087348038439,0.00125128712839676,4.77403571068484e-05,0.253766297268808,0.34861038092486,0.0181968020812566,4.77403574015183e-05,0.215708073989177,4.77403568549416e-05,4.77403569409361e-05,0.101389052910522,4.77403569409274e-05,4.77403569409573e-05,0.0346969400533112,0.00479309071969757
"8",9.84335162962757e-08,9.84335162762638e-08,0.0314595260969437,9.84335162776894e-08,0.0137106552244238,0.424373984883864,9.84327601637681e-08,0.0120380080450929,0.0197278223971686,0.0693154099362256,9.84335162748309e-08,0.157838373544628,9.84335162740306e-08,9.8433435160752e-08,0.12418099170483,0.013058903150029,9.84335162871594e-08,0.134295439115986,9.84335162772151e-08
"9",8.25990051416754e-06,0.0292231260216869,0.032866566950871,0.00233948807786149,0.0118609449946559,0.0159323935518751,0.072430875899482,7.94067949360056e-06,7.9406794935986e-06,7.94067949360239e-06,7.94067949360075e-06,0.0732196329479078,0.590954364270152,0.000533131587988584,0.037433354996519,7.94067949360038e-06,0.0506643877923606,0.0763267409112965,0.00616702869936055
"10",4.74612505613764e-05,4.74612505613751e-05,4.74612505613763e-05,0.20479722265188,0.00992958579865753,0.00417067715576999,4.74612505613781e-05,7.49676829977228e-05,0.0943566759413461,0.0287067635143301,4.74612505614263e-05,0.0563408390592053,0.0156943438672814,4.7461250561369e-05,0.29418257459996,5.87819513526629e-05,0.0131995945591551,0.254202977691568,0.0240002280231277
"11",4.39933095293108e-05,0.263012428466811,0.00692823400928688,5.42449073219171e-05,0.0132510793932674,0.002419008413367,0.00850157374498926,0.00580507865758364,0.0236688811631927,0.0429228755074066,4.39933095301542e-05,0.0804830537159317,4.39933095293099e-05,4.39933095293113e-05,0.377658985175056,0.0127018706630551,0.0120557170038645,0.143420089813676,0.00694090612707231
"12",0.0797176041774791,2.68017786181159e-05,2.68017786181121e-05,0.169433749349864,0.0031212298861677,2.68017786072609e-05,2.68017786181168e-05,0.000148212487784868,0.402309508696788,2.83207429386341e-05,2.68017786359952e-05,0.0155856433306221,0.0489449579724805,2.68017786181053e-05,0.103955936770464,2.68017786181147e-05,0.141918979645521,0.0305376295723084,0.00411061491724707
"13",3.0754619904059e-05,3.07546199048427e-05,3.07546199048519e-05,3.0754619904852e-05,0.00458864124418726,3.07546209989854e-05,3.07546199048485e-05,3.07546199048498e-05,5.61443594284484e-05,0.0138126728727168,3.075461976151e-05,0.0187353828597004,3.07546199048539e-05,0.0795274015891169,0.245780308521834,3.07546199048559e-05,0.226772786911815,0.410388360821298,3.07546199043041e-05
"14",5.7766574356393e-05,5.77665743563951e-05,0.0380942677927332,0.322551277242483,0.0148868252771876,0.00337118370383993,5.77665743563427e-05,5.77665743563934e-05,0.044621510403235,0.00878963475500734,0.0737684733803166,0.139957434909108,5.77665743563965e-05,0.168632586815999,0.0834158298369878,5.77665743563957e-05,0.0366381561056848,0.0529197377709634,0.0120064825603163
"15",6.91105731455914e-05,0.00820028227760493,6.9110573145608e-05,0.0117079500992508,6.91105731455981e-05,6.91105731911466e-05,6.91105731456014e-05,0.0204081952994801,0.0880392126250267,0.15626928921333,6.91105734071618e-05,0.0336952133045942,6.91105731455999e-05,0.00694398309623217,0.180351543737166,6.91105731455738e-05,0.218198676287777,0.262557536000704,0.0130752334733621
"16",8.81040467320677e-05,0.0337387088609069,0.229900080268159,0.00288672700998973,0.0258438016361039,8.81040467327042e-05,8.8104046732069e-05,0.0486650040242632,0.0308283405176541,0.0327123726163703,0.0373364707285848,0.193300893765862,0.0365411749880637,8.81040467320686e-05,0.0598506098632997,8.81040467320683e-05,0.0728931668465704,0.187328122434703,0.00773400620580924
"17",4.03996258776468e-05,4.03996258755655e-05,0.258339699799366,0.00901290607179521,0.0170722315841775,4.03996258764414e-05,4.03996267555864e-05,0.17528919558156,0.0102662431457787,0.00457916658091702,4.03996258755599e-05,0.14640960536218,4.03996258755654e-05,4.03996258755405e-05,0.228482309176121,4.03996258755432e-05,4.03996258755687e-05,0.145489892472908,0.00469515359143308
"18",0.154586684546417,3.8275097918423e-05,0.0270656996760857,0.0857459602318334,0.00590527243203411,0.0118459411674797,0.000117871566474308,0.0154538866424192,3.82750979184339e-05,3.82750979184352e-05,3.82750979184363e-05,0.116927577310754,0.173846612653039,3.82750979184337e-05,0.0601154664520394,3.82750979184351e-05,0.107041860151257,0.236725113135591,0.00439240344706541
"19",4.04191856795639e-05,0.213506627570738,4.04191856795561e-05,0.100306183952892,0.000150364913729762,4.0419185709889e-05,0.175573428160541,0.0496299752651523,4.10239124069041e-05,0.248521723131446,4.04191857234711e-05,0.025617309046911,4.28076254215146e-05,4.04191856795518e-05,0.120833595394089,4.04191856795506e-05,0.0543216933667345,0.0073208495850773,0.00389190296070916
"20",4.64265772023063e-05,5.72356709748859e-05,4.64265772041591e-05,4.642657720416e-05,0.0131344845672326,0.00360204005330046,4.64265772041368e-05,0.00306748336057535,0.0229306296694902,0.0052078773135338,4.64265777724968e-05,0.0660866793419893,4.64265772041621e-05,0.00721077975287027,0.0483765019580572,4.64265772041555e-05,0.464223182185155,0.34166544801721,0.024112672068615
"21",1.38324082481302e-05,1.38324081824038e-05,1.38324082510334e-05,1.38324082510515e-05,1.38324092102558e-05,1.38324082560225e-05,1.38324082259613e-05,1.90282312717504e-05,0.00340700551254969,0.857945811550267,1.3832409286525e-05,0.0060703464340904,1.38324082357863e-05,1.38324082278881e-05,0.130018902408308,1.65657274211153e-05,1.38324080995338e-05,1.38324082510518e-05,0.00235635123536594
"22",3.46997843802815e-05,0.0134026859914109,3.46997843778229e-05,0.0041435207622092,0.00300428029827777,0.00289271316017208,3.46997843464953e-05,3.46997843778256e-05,0.0515497623394008,0.0389639817744829,3.4699784389836e-05,0.167391383826083,3.46997843778203e-05,3.46997843778231e-05,0.682724932445558,6.01299071039626e-05,3.46997843778264e-05,0.0286985665929973,0.00689044462729834
"23",0.0611543181701246,0.000413447838995254,1.05505055889869e-09,0.0338204502250219,0.00514431943446742,1.0563139717244e-09,0.00201456451669114,0.0134150501015846,0.071064367577943,0.00729086053485897,1.05463024333169e-09,0.122023762979184,0.0146961565215771,1.0550505595468e-09,0.0778750723743013,1.05505056170839e-09,0.000982062831747889,0.150876210626349,0.439229350991058
"24",8.66949680501726e-05,0.0637313121089032,0.0524395629439052,0.036796911329322,0.0239923964095164,8.66949680721499e-05,8.66949680501725e-05,8.66949680501735e-05,0.0267729957864997,0.00390781042591072,0.0575870485797687,0.149152176936385,0.0340997605570242,0.000162848103862496,0.0849400233155873,8.66949680501708e-05,0.343912934583677,0.115109492059383,0.00696125201998113
"25",8.5384005884953e-06,8.11479923934838e-06,8.11479915204001e-06,7.77232512357228e-06,0.999800921997756,8.11479102017617e-06,8.07287819922132e-06,8.11479451996717e-06,8.10827824650364e-06,8.51591183536937e-06,8.11480429970793e-06,4.4326993472955e-05,8.11479336756733e-06,8.11480176116846e-06,1.80158996904332e-05,8.11479901072892e-06,8.11479558640379e-06,1.45793368365807e-05,8.11480029405736e-06
"26",1.20700272911407e-05,1.20700272911281e-05,1.20700272744811e-05,6.10795106518969e-05,1.20700285123496e-05,1.20700272964112e-05,1.20700272911552e-05,0.928256235289151,5.15226897409777e-05,0.0110823955295224,1.20700270266691e-05,0.0140542427500616,0.00473696947971287,1.20700272910924e-05,0.0378082151373573,1.20700272911361e-05,0.000415327831111513,1.20700272911423e-05,0.00341331150883395
"27",2.19395792290859e-05,2.19395793263576e-05,2.19395792290954e-05,0.0216524375055932,0.00287247211075804,2.19395804062869e-05,2.19395792328258e-05,0.0151974237780916,0.659852856457938,2.25737925072063e-05,2.19395775776115e-05,0.0541383136912692,2.19395792290873e-05,2.19395792291112e-05,0.0736843110340351,2.19395792290879e-05,2.19395792577763e-05,0.0932936432816918,0.0790665725561692
"28",0.000144428418911567,0.0611245476216532,0.000144428418911567,0.0167914624044999,0.0197716784093075,0.00232056164809863,0.000144428418911569,0.0257144518072335,0.0448319641398817,0.0587595441947502,0.000144428418913753,0.168258317876988,0.0327397457853499,0.0586843934045572,0.0884078117029925,0.00014442841891157,0.305679922325156,0.0793296914841141,0.0368637651008581
"29",6.67910462500442e-05,0.0476628889487446,0.0477578617406783,6.6791046249408e-05,0.00990470057461965,0.00287762896314226,6.67910462494373e-05,0.00471499460789661,0.0461738989288735,0.125716940390388,0.0317182485699962,0.0731867545436955,6.67910462494103e-05,6.67910462494143e-05,0.1587387843533,0.170515061543425,6.67910462494099e-05,0.272062679280278,0.00856881127746519
"30",2.99813521885716e-05,2.99813521885952e-05,2.99813521885631e-05,0.00915042038200794,0.13814443378257,2.99813521972891e-05,2.9981352188504e-05,0.00788989886838056,0.397596068020315,0.0146417120493648,2.99813527233493e-05,0.0715159404482276,2.99813521885826e-05,0.166850891026689,0.0894693264352185,0.00782332052933427,0.0891856895895315,2.99813521885825e-05,0.00749244805030855
"31",2.12547992638239e-05,0.301227262741944,2.12547992638157e-05,2.12547992638222e-05,0.403992262332225,2.12548010080721e-05,2.12547992638237e-05,2.1254799299251e-05,2.12547992504759e-05,0.00106029936936997,2.12547997076099e-05,0.00360365929378982,0.000570114145918344,0.00734255670886968,0.261856971470068,2.1254799263835e-05,0.0149478323529321,0.00104712576647607,0.0041606226228223
"32",8.74917858015782e-05,0.0104804797889814,8.74917858051384e-05,8.7491785805138e-05,0.0107912919571308,0.00253684351881412,8.74917858051931e-05,8.749178580514e-05,0.0775570466513105,0.362486437073205,8.74917858083513e-05,0.3236724624396,8.74917858051366e-05,8.74917858051384e-05,0.159855424654121,8.7491785805127e-05,8.74917858050588e-05,0.0504630061834623,0.0012820898753247
"33",1.51894557362939e-05,1.51894561158219e-05,1.67611802193147e-05,1.51894557363261e-05,0.540489160605363,1.51894557363574e-05,1.51894553669285e-05,1.51894557363252e-05,2.70634051270189e-05,0.242546073913719,1.51894563230949e-05,0.0560363934965898,1.51894557363153e-05,1.51894571538387e-05,0.137005669939254,0.0159430602262732,1.51894557326587e-05,0.00594905789584553,0.00183486477823466
"34",1.09345720211644e-05,1.5836597430401e-05,1.09345720210994e-05,1.0934572021107e-05,1.09345715786069e-05,1.09345720213528e-05,1.09345720212192e-05,1.09345720211578e-05,1.09345720210011e-05,0.0022333258995446,1.09345730256772e-05,1.0934572021165e-05,1.09345720211727e-05,5.9640397129822e-05,1.0934572021165e-05,0.00159786491911227,0.986983367167632,1.09345720221081e-05,0.00896781558231317
"35",2.19002745519487e-05,2.19002750661529e-05,0.0123354468211358,3.1188069095868e-05,0.0142488180090516,2.19002745507825e-05,2.19002755006573e-05,0.00822257060750285,0.0144189845891319,0.013097290008198,0.000831550662963475,0.0641119211005144,2.19002738600585e-05,2.19002744873964e-05,0.256402710869511,2.19002745545053e-05,2.19002745545061e-05,0.616102416791214,2.19002745557321e-05
"36",8.40574448617163e-05,0.105956676035158,0.12177149875385,0.0205912338365856,0.0349671910852096,0.000235471435416542,0.0497933728337001,0.0465244964100254,0.00298985815337336,8.40574448617122e-05,0.143334818257059,0.211539298236377,0.0981922427217723,8.40574448617118e-05,0.0581255867967429,8.40574448617111e-05,0.0733662466982378,0.0321917215221948,8.40574448501763e-05
"37",7.73749866082321e-05,0.0349064427633614,7.73749866082239e-05,0.00981528493118827,0.0401186977500597,7.73749861868281e-05,7.7374986608224e-05,0.0139816921136936,0.0765827873943092,0.063812560071796,7.73749866082228e-05,0.104124240130706,7.73749866082228e-05,7.73749866082229e-05,0.189925785239658,7.73749866082249e-05,7.73749866082225e-05,0.315614124405238,0.150422010320937
"38",3.13095428179324e-05,0.0471214083425426,3.13095428179321e-05,4.92882720207755e-05,0.00332975585341187,3.13095427997276e-05,3.13095428179334e-05,0.0051355150982261,0.11462665725757,0.0964218874170742,3.13095425640077e-05,0.0378795087150872,3.13095428179323e-05,3.13095428179323e-05,0.144278485539151,0.0558960103229213,0.0386267250773692,0.456275368005007,0.000140223300165188
"39",3.04680042959079e-05,3.04680042959012e-05,3.04680042958983e-05,3.26020353621814e-05,0.272540897157977,3.04680042464222e-05,3.04680042958983e-05,0.0587639306387621,0.123932758718717,0.1873277800077,3.04680045630422e-05,0.0450010790995653,3.04680042959007e-05,3.04680045317061e-05,0.271685845018235,0.0388238981048987,3.04680042568856e-05,3.04680042959012e-05,0.00158652917540908
"40",4.42442793589758e-05,0.317613882446316,4.4244279358999e-05,5.3054603093019e-05,0.179410551862341,4.42442793790306e-05,4.42442793589732e-05,0.158629258541352,4.42442793589763e-05,0.0139855599408878,4.42442793846227e-05,0.137370897280485,4.42442793589796e-05,0.0213968240275716,0.0653349956864964,4.42442793589731e-05,0.0962087586031427,0.00194153275618338,0.00770073001721315
"41",3.95334747257669e-05,0.137314860261485,3.95334747257753e-05,0.133148852647384,3.95334747257682e-05,3.95334747552002e-05,3.95334747257783e-05,3.95334747257672e-05,0.00243734630548006,3.9533474725768e-05,3.95334748437027e-05,0.0208800146112817,3.95334747257765e-05,7.21307053551255e-05,0.118064147783066,3.95334747257031e-05,0.44559119005082,0.13242161899147,0.00967450389625346
"42",4.74234285232326e-05,0.00052916675780512,0.0409779843558527,5.04437595888331e-05,0.0139304817941335,4.74234285214888e-05,4.74234260520534e-05,0.00511501344465961,0.0265905066457834,4.79882281140503e-05,0.0736505654003615,0.149562823650244,4.74234290006886e-05,4.74234286923941e-05,0.270504664745079,5.38454875600152e-05,4.74234285266629e-05,0.418654551732974,4.74234285273777e-05
"43",6.42033263483851e-06,2.11045224832134e-05,6.42033263489112e-06,6.42033263483995e-06,0.801753019442921,6.42033240399778e-06,0.00854961302711246,6.42033253477689e-06,6.42033253982586e-06,6.74079431496088e-06,6.42033285261653e-06,0.00318667789460952,0.159297092212724,1.99941259326851e-05,0.00645815403623175,6.42033263483649e-06,0.0204273313079958,9.65553449676675e-06,0.000219254440306301
"44",4.01838393709783e-05,0.0127294368835705,0.294338728943902,0.000185333277228574,0.00257399197101455,4.01838393660726e-05,4.01838393713983e-05,0.329446216091132,0.0191255318402062,4.0183839371405e-05,4.01838393808609e-05,0.131512602310134,4.01838393714041e-05,4.01838393714016e-05,0.0923617021211059,4.01838393713433e-05,0.0180134121485263,0.0957475776520028,0.00364399604620343
"45",6.8438014102315e-06,0.0147448273003486,6.84380147577517e-06,6.84380141021987e-06,6.84380201411461e-06,6.84380140812758e-06,6.84380141022764e-06,6.84380140466456e-06,6.84380212985893e-06,6.84380137820358e-06,6.8438004752921e-06,6.84380141022817e-06,0.00441882164034826,2.84554702816075e-05,6.84380141022886e-06,0.00201171455300117,0.971708572482663,6.84380141022757e-06,0.00699863913460997
"46",2.53984435590207e-05,0.330518576795834,2.53984435590596e-05,0.00679987980300693,0.135042292101978,2.53984435558974e-05,0.123495248612323,2.53984435590569e-05,0.044938469982001,0.00270207810860661,2.53984435878601e-05,0.00890487689196648,0.121651291022461,2.65562362873874e-05,0.0883301193317126,2.53984435590575e-05,0.126212584135512,0.00564345913987352,0.00558217717705727
"47",4.05742102433683e-05,0.317026094213641,4.05742102433776e-05,4.54519267589599e-05,4.05742106540917e-05,4.05742102328946e-05,0.032848959757544,0.0630941730502528,0.017220036258239,0.0266137204299562,4.0574210277082e-05,0.0221151531041657,0.0967536720549579,4.05742102433846e-05,0.212666216051059,4.05742102433775e-05,0.198998071408798,0.00352893649657843,0.00880549577591119
"48",0.000919812514366392,0.0163373564587074,0.0374667546104305,3.86493116668766e-05,0.0055921778068011,0.000335935094966921,3.00857624614558e-05,0.0519951467315757,0.0347052694051583,0.101607641582833,3.0085762462105e-05,0.0722745787794585,0.0201842759391026,3.00857624614593e-05,0.343946814011085,6.97551270333254e-05,3.00857624614552e-05,0.314335144413016,7.03451639516456e-05
"49",8.89271095437303e-06,8.8927109543601e-06,0.00124856146827631,1.31912958164842e-05,0.00434316414485839,0.00152833047180854,8.89271095443952e-06,0.206566621684117,1.68381678838233e-05,0.0158264448926678,8.89271095459554e-06,0.0590138135059257,8.89271095436969e-06,0.54455134936938,0.112872237147146,8.89271095436782e-06,0.00893948837366166,0.0356175210825895,0.00940908213014209
"50",0.193534555518066,4.00653277794513e-05,0.080428757937192,0.0071264855710607,0.0132038366910657,0.00410650341671624,0.000122441642689197,0.0405632447039534,4.00653277794469e-05,5.26937183358498e-05,4.00653277794476e-05,0.0966058456533949,0.0628197933780057,4.00653277794448e-05,0.287606988999874,4.00653277794513e-05,0.0464459457842065,0.163961797963922,0.00322078238262129
"51",0.000119021152551282,0.0532252927050075,0.000119021152551279,0.0126740180254663,0.127444210619381,0.000119021152511868,0.000119021152551225,0.000119021152551281,0.0655884434428468,0.0283968385886214,0.000119021152551289,0.334919112622044,0.000954243636341671,0.0627596022734138,0.118483529812869,0.000119021152551278,0.0278951503438078,0.163591229109309,0.00323518075307112
"52",2.79029935979433e-05,2.79029935979492e-05,0.0904738766825704,0.52042184259978,0.00793300237115619,2.7902993601719e-05,2.79029935979739e-05,0.00180969840457442,0.0235396651555831,0.0133311954111939,2.79029935979401e-05,0.13846846887895,2.79029935979475e-05,0.0415853610556218,0.0710692142679457,2.79029935979502e-05,0.00555743555526717,0.0802234417670085,0.00539147689516007
"53",0.00459612507126653,0.0110051510859064,6.77728729097764e-06,6.77728761514455e-06,6.77728794224147e-06,6.77728760149828e-06,6.77728761514144e-06,6.77728761514633e-06,6.77728761514463e-06,0.00444950095432484,6.77728658019262e-06,6.7772876151423e-06,0.0117742201563963,3.93089923097281e-05,6.77728761514189e-06,6.7772876151086e-06,0.959281306307587,6.77728761514086e-06,0.00877305998187312
"54",0.000110084509256516,0.168782352985554,0.000110084509256521,0.029676951740497,0.011700212083801,0.00183492711070584,0.000110084509256515,0.180141200887614,0.153976199065965,0.0226412654588856,0.000110084509260038,0.262348799588094,0.000110084509256515,0.000110084509256513,0.121178599225207,0.000110084509256513,0.0138087963266044,0.0308021830042975,0.00233792095797522
"55",1.94215956466504e-05,1.9421595646673e-05,0.000100770364044828,0.122447729506335,0.0482322726657572,1.94215956418385e-05,1.94215956953653e-05,0.0472841724920448,0.56148554733662,0.0151065890753981,1.9421595646653e-05,0.0571913865421471,1.94215956467111e-05,1.94215956269209e-05,0.136846327168686,1.94215956466522e-05,1.94215956466227e-05,0.00632036869692303,0.00481004179120012
"56",6.31378807026961e-06,6.31378797907259e-06,6.31378806987546e-06,6.31378806989056e-06,0.938163928321347,6.31378347145377e-06,6.31378854580974e-06,6.31378806989022e-06,0.0277477963742754,0.00503404042740273,6.31378896845049e-06,0.0153895850455843,6.313788337796e-06,6.31378820003037e-06,0.0135732748973728,6.31378806989307e-06,6.31378806989158e-06,9.29569202520729e-06,6.3137880710252e-06
"57",0.328154463736332,1.83911050951645e-05,1.81382028834888e-05,0.0119065397870107,0.0837567024785564,1.60644038676984e-05,0.0378510253742721,1.60644038683708e-05,1.60644038683741e-05,0.0352414267093526,1.60644037384638e-05,0.0642855067192382,0.0390593321223917,0.0062730062572383,0.129245143016248,0.0315497722029408,0.226999430222223,0.000191547512907372,0.00538531693796688
"58",2.57314656350117e-05,0.196835749272806,0.0474664360637927,0.00972954153009154,0.0220559869341064,2.57314656254406e-05,2.57314656350219e-05,2.5731465635013e-05,0.0193982132519944,2.57314656350142e-05,0.0415051519537463,0.0841080430495009,2.57314656350149e-05,0.0117425501758634,0.0162042824715748,2.57314656350198e-05,0.537345713736903,0.00958549658326895,0.00384271471691624
"59",1.35164919517803e-05,1.3516491951807e-05,1.35164919208488e-05,0.0184271529443006,0.0328478427348208,1.35164919526022e-05,1.35164918012096e-05,0.0299871731012902,0.706081318307159,0.0764757322866653,1.35164921727483e-05,1.43806931333869e-05,1.35164919518279e-05,1.35164919518081e-05,0.126589701497749,1.35164919518096e-05,0.0067694739616369,1.35164919518089e-05,0.00267205955368709
"60",6.23705453859011e-05,0.0460843642190291,6.23705453858944e-05,0.0224397906312252,0.0050037837299093,6.23705453799934e-05,0.0260709095981286,6.23705453858963e-05,0.0423020134027242,0.00510258140247674,6.23705455480789e-05,0.128361878493773,0.273951001534099,0.046208080189818,0.0815413553949084,6.23705453858991e-05,0.0618821610076627,0.225594366302122,0.0350834908216512
"61",0.0243922502654473,5.08726721167027e-05,0.0179932589344143,0.0355753322980543,0.00418053870821705,0.00209420760607164,4.45557802985227e-05,7.80101352047053e-05,0.0262158727111544,0.0441411245491001,4.45557802985226e-05,0.0701448456670495,0.0278607220874385,4.45557802985192e-05,0.370325416487098,4.45557802985221e-05,0.328229352248255,0.0395619669550342,0.00897800555415081
"62",8.4647581090519e-05,0.0175412184110819,8.46475810944323e-05,0.274585594256981,0.00979883892484107,0.00354511335782349,8.46475810944378e-05,8.46475810944462e-05,0.121058958149576,0.0343643482765462,8.46475810915893e-05,0.393489311979661,8.46475810973594e-05,8.46475810944303e-05,0.0976384126447497,8.46475810944435e-05,8.4647581094408e-05,0.0444494390193742,0.00276693674951941
"63",0.0850999186194792,0.0162339128922811,0.0482383831105082,0.306511599423564,0.0080478163645249,3.78309656820125e-05,0.0267641343949682,7.79306458095277e-05,0.00727449488488255,3.78309657205379e-05,3.78309657205396e-05,0.131923568146775,0.189891715315179,3.89403381284631e-05,0.059832738262198,0.00948382191944515,0.056184001856323,0.0517288666074633,0.00255466432134714
"64",4.09802294526308e-05,0.000163048669661316,4.09802294526297e-05,5.94780108726087e-05,0.00340705020137838,0.00407277124024582,6.31151367285767e-05,0.0187222494297988,0.018582208809539,0.0483103748618772,4.09802294526291e-05,0.0605089672154131,0.358003031218532,4.94129850359786e-05,0.141550140847367,0.0689550941707819,0.0562116961643107,0.213447425787119,0.00777099456298005
"65",6.7437674833295e-06,0.161530756025207,6.74376748332887e-06,6.7437674833171e-06,0.00142391813447552,6.74376749016011e-06,6.74376748333078e-06,6.74376748333083e-06,6.74376748333191e-06,0.00424925291101958,6.74376766246939e-06,0.00413165781109412,0.0263870683958125,0.119497500547526,6.74376748333123e-06,6.74376748333104e-06,0.674370257529607,6.74376748333064e-06,0.00833540720275631
"66",0.00188909836635589,0.0428399868876517,0.16769824804684,0.0262532833261392,0.00625591539624587,6.47415130657696e-05,6.47415130472805e-05,0.00477423636765865,0.0274285279921349,0.218933827213361,6.47415130472795e-05,0.113900744713544,6.47415130472794e-05,6.47415130472799e-05,0.219517923814424,0.100964662850543,0.000142378087617193,0.0636886496051816,0.00538880976704866
"67",8.4044122418282e-05,0.0562713228811045,0.00822780474874321,0.0534300834190058,0.0167314068867167,0.00398509730936038,8.40441224254312e-05,8.40441224254237e-05,0.114403895791812,0.0284775574692354,8.40441224254301e-05,0.412252762475099,8.40441224234459e-05,8.40441224254302e-05,0.118214772235755,8.40441224254222e-05,8.4044122425445e-05,0.187248899681338,8.4044122436061e-05
"68",1.20425107455798e-05,1.20425106394452e-05,1.20425107455814e-05,0.000110036676717725,0.00273616532921784,0.00209557066724932,1.20425108830821e-05,0.839653789399862,0.0132564500105995,0.0100889092366097,1.20425107455005e-05,0.0400453147233839,1.20425107455304e-05,1.20425106653796e-05,0.0484050634418582,0.00696660136540359,1.2042510745585e-05,0.0293431354654833,0.0072026235976989
"69",5.94830335500409e-05,0.286526130994584,0.0460516719264602,0.0278053382056806,0.0180836157377124,5.94830334981668e-05,5.94830335500143e-05,5.94830335500321e-05,0.173066131838613,0.0172464134749249,0.12795004754434,0.131841721411374,5.94830335500093e-05,5.94830335500324e-05,0.0974987202991781,0.047234123458142,8.1549971278984e-05,0.0261981539029286,5.94830335351581e-05
"70",3.27403894078297e-05,0.118955623525546,3.27403894078274e-05,0.00856838805228532,0.00337421750017322,0.00380968872304714,3.27403894078291e-05,0.0403244484331362,0.504325851922511,0.0206038147277035,3.27403894078861e-05,0.055291990561794,3.27403894078355e-05,3.27403894078272e-05,0.144744059964386,0.0191189211504933,0.020726996433438,0.0500433617527158,0.00991619491632295
"71",5.87797115806831e-05,0.255929767565551,5.8779711580702e-05,0.00785037460392154,5.87797116794658e-05,5.87797115687939e-05,0.213750845670763,0.100723079524742,0.00256486394531815,0.0308987892196502,5.87797118512646e-05,0.130854335611605,0.0319968843104219,5.87797115807138e-05,0.0895461569420028,5.87797115807015e-05,0.117719748677628,0.0121705010961726,0.00558319485080136
"72",1.9792398290679e-05,1.97923982906744e-05,1.9792398290673e-05,3.39403506092721e-05,0.00628493997951853,1.97923970640979e-05,1.97923982906747e-05,0.312047233418337,5.76546635554029e-05,0.0164027069492173,1.97923989347688e-05,0.0151655400962721,0.0178443465002974,0.00267261089984718,0.0834149065244566,0.00995229817730304,0.0113256677195135,0.523789349617197,0.000890050714714074
"73",4.77915306447661e-05,0.105882314696563,4.77915306447656e-05,7.31084997127456e-05,0.0294172346078306,4.77915306061004e-05,4.77915306447782e-05,0.068466264676845,0.0228150659426887,0.0229804778137772,4.77915306447626e-05,0.115789269202895,4.77915306447423e-05,0.143754298197483,0.0363745713205855,4.77915306447524e-05,4.77915306447547e-05,0.439719659269814,0.0143454035266865
"74",2.04014517057606e-05,2.04014516745718e-05,2.0401451705774e-05,3.33243130343733e-05,0.136096720725078,2.04014517094125e-05,2.04014520807711e-05,0.0328573512260912,0.367999472093946,0.0435230239262231,2.04014514713654e-05,4.52693723419399e-05,2.04014517057682e-05,0.0195114780356472,0.394442042098201,2.15425709861303e-05,0.000896916748225131,2.04014517057664e-05,0.00440964727646712
"75",1.06604821149019e-05,0.543863205451377,1.06604821149279e-05,1.06604821149578e-05,0.00385923746923142,1.06604821149378e-05,0.327603735395759,0.00289213075752085,1.06604821149389e-05,1.06604821149343e-05,1.06604825189054e-05,0.0202412511206401,0.0133729356279232,1.06604821149452e-05,0.0255572554630834,1.06604821181169e-05,0.057538939519962,1.06604821149369e-05,0.00496470437294615
"76",6.73472526491516e-05,6.7347252807088e-05,0.0412471270297862,0.0228826700471382,0.00672939593704438,0.0183120601391371,6.7347249129481e-05,0.220339309452344,0.186243230896538,0.00914312153955441,6.73472526500919e-05,0.153192849284948,6.73472526500938e-05,6.73472526500955e-05,0.100006203475322,6.73472526501126e-05,6.73472526501031e-05,0.20697254002662,0.0343927141537311
"77",5.7002579478308e-05,0.167309051404795,0.0137477860256535,0.0143529558190109,0.00240695860566342,5.70025794590793e-05,5.70025794783111e-05,0.156276260619953,0.162925638737107,0.000251158706528311,5.70025794783088e-05,0.0888366979687871,0.0875628156679847,7.42665995799284e-05,0.0877495344252068,5.70025794783118e-05,0.187249086015761,0.0208088904998071,0.0101638860067899
"78",8.30738084625142e-06,9.85134228228071e-06,8.30738084625682e-06,8.59306761326423e-06,8.30738241877704e-06,8.30738079595368e-06,8.30738084748979e-06,8.3073808462559e-06,0.00510462119598978,8.30738084625198e-06,8.30737971931851e-06,2.58267044279534e-05,8.30738084625469e-06,0.74355006171598,0.0156023898565379,8.30738084624871e-06,0.000239077548454444,0.214440082666204,0.0209364220936515
"79",1.65753930492905e-05,0.109721668864672,1.65753930481158e-05,0.00398177548014124,1.65753931783053e-05,1.65753930507804e-05,0.0279469537883305,0.00449182896356386,0.347788158943052,1.65753930492942e-05,1.65753930981397e-05,0.00632667533391123,0.114522127884507,0.0035204393145157,0.0579780024872126,1.6575393049294e-05,0.31949027615662,1.65753930492954e-05,0.00409948963890104
"80",0.0375957012279454,1.59298596606575e-05,1.45781930030635e-05,1.45781930030528e-05,0.438885271538972,1.45781930084756e-05,0.00223871508517635,1.45781930030522e-05,4.1167474295386e-05,0.0699226207232012,1.4578193998064e-05,0.0474071167348628,0.0593181893362247,1.77392618343025e-05,0.0957565443451857,1.45781930030497e-05,0.241728511829767,1.84407008300236e-05,0.00696658272302645
"81",0.00013736850428725,0.0674706455701295,0.000137368504287248,0.00735928638196072,0.125758426441538,0.000137368504179516,0.0277062154307098,0.000137368504287247,0.118794098015074,0.0375076468430303,0.000137368504287245,0.104493724923039,0.0663565016646578,0.0878881129689015,0.118002112670273,0.0536337388582823,0.161175502887186,0.0183654044761308,0.00480174034775904
"82",4.25983632919389e-05,4.25983632919409e-05,4.25983632919354e-05,0.37975746699243,4.25983619624456e-05,4.25983646296317e-05,4.25983632920026e-05,6.22535202295014e-05,0.0431977803784691,0.16717241664753,4.25983642333613e-05,0.0489609272866018,4.25983632919411e-05,0.15894515262212,0.12379909238577,4.25983632919414e-05,5.14365303706837e-05,0.0559441817797164,0.0217259065861855
"83",5.97133967137267e-05,0.179502401747608,5.97133967159711e-05,0.0336511906406919,0.00328937361618983,0.00136406699717016,5.97133967137204e-05,0.2354754155311,0.166693500975869,0.00988845160544834,5.97133966109317e-05,0.0504775277351502,5.97133967137337e-05,0.0354582764823309,0.0941963375315764,5.9713396713732e-05,0.106298181895752,0.0765650724588177,0.00678192240211326
"84",9.45743723692446e-05,0.00805376789110459,0.0653738739746881,0.0060616347338394,0.0330672529271306,0.00697722322290281,9.45743723692346e-05,0.0364714023669531,0.0697954463649564,0.108900697735561,0.00709793189603,0.135275046884071,0.0167733339151302,0.117735107700103,0.179909584234381,0.174797002986485,0.000212849167173823,0.0277146408798018,0.0055940543749501
"85",3.28738691785046e-05,3.28738691970272e-05,3.28738691785064e-05,4.1412789239118e-05,0.00904494956441648,0.00263594258227152,3.28738691785044e-05,0.032926651603074,0.405631463740048,0.229501549888695,3.28738691785057e-05,0.0520216612768597,3.28738691785059e-05,3.28738692283562e-05,0.208439055209231,7.62320190996147e-05,3.28738691785132e-05,0.0470016795879859,0.0124164107855825
"86",0.00346533908425341,6.4828135915762e-05,0.29676905684119,0.0463079429169369,0.0108077755927889,6.48281358762717e-05,6.48281359045652e-05,0.043284825643133,0.0474728987886939,0.177425300488093,6.48281358977098e-05,0.194409301763052,6.48281359045626e-05,6.48281359045645e-05,0.12295711176561,6.4828135904566e-05,6.48281359045687e-05,0.0565169938931158,6.48281359208032e-05
"87",8.42487854910991e-06,0.0217273419345736,8.42487854910916e-06,8.42487854911341e-06,0.00329938863882092,8.4248785445967e-06,8.42487854911464e-06,8.42487854911399e-06,0.0013601726649964,8.42487856185213e-06,8.42487998900435e-06,2.50150957377361e-05,8.42487854911564e-06,0.768993207422343,0.00524038047065852,8.42487854911167e-06,0.00017779918413846,0.189262021805824,0.009830423995968
"88",3.89262157127313e-06,3.8926216673812e-06,3.89262157126295e-06,3.89262157126839e-06,0.0048233145925442,3.8926255126561e-06,3.8926215712666e-06,0.0172431120974304,0.0488803134404692,0.0861079714563494,3.89262170012343e-06,0.0733365960375791,3.89262157126804e-06,3.89262157126972e-06,0.157022223340436,0.110410869231053,3.8926215712831e-06,0.174449962350048,0.327686711234211
"89",0.000115764536415101,0.0146657549410912,0.000115764536410289,0.0134204520241786,0.128985656760931,0.000115764536419705,0.0001157645364114,0.000115764536410286,0.106403908167583,0.0152023173619002,0.000115764537020803,0.310733027787713,0.00011576453641029,0.00011576453641029,0.115553378983042,0.000115764536410289,0.10870035825029,0.180178865569281,0.00511439932567188
"90",6.54415610062361e-05,0.119598167515395,6.54415610062317e-05,0.035584303273412,0.200259903594492,0.0211849411930283,0.0227223198488572,0.0844569326182933,0.0198957031112522,6.54415610062347e-05,6.54415610062375e-05,0.188130306022393,6.54415610062246e-05,6.54415610062293e-05,0.104944088129548,6.54415610062366e-05,0.0474068724549402,0.155173448958271,0.000184922353074197
"91",1.74092253453322e-05,0.0661051577565182,0.162350172979375,0.0336346431342006,0.0347863159588431,1.74092240281208e-05,1.74092253453364e-05,0.0222116267945148,0.0182512289283431,1.74092253453363e-05,0.210737117863561,0.156874146925243,0.170714048772165,1.74092253453371e-05,0.0415180334277368,1.74092253453372e-05,0.0529549802275842,0.0297406626558141,1.74092253467722e-05
"92",5.79268097684038e-05,0.27366397841895,5.79268097683966e-05,0.00754876335295735,0.00194920574554637,5.79268097875737e-05,0.0334197470227729,5.79268097684037e-05,0.0594439939184775,0.0743847103938313,5.7926809664668e-05,0.0303997100468348,0.048926358951882,8.07831843176118e-05,0.148093187792096,0.0678073992223208,0.231441087425259,0.0165609715095102,0.00599046896648741
"93",2.13353009853177e-05,0.0529528570837869,2.13353009853229e-05,0.0188162150358423,2.13353015956947e-05,2.13353009758574e-05,2.13353009853206e-05,2.94964742364714e-05,0.0182363198527565,0.529713074749311,2.13353014009871e-05,0.00414658438893191,0.162363974885155,0.0105740844518539,0.147238512577114,2.48442553155704e-05,0.0211743746973517,0.0279948509635506,0.00660679877786619
"94",0.00271970716632642,0.0105614742269023,0.264308443138134,0.0176677027270569,0.00631294085479865,5.5679502865205e-05,5.56795028623724e-05,0.0258533640824344,0.0203285605838626,0.0110319382337153,5.56795028623691e-05,0.135786667458004,0.00827274859674811,0.0434125985654118,0.231625059178976,5.56795028623709e-05,0.0695438133346404,0.141537060209398,0.010815203632138
"95",1.46900756365766e-05,1.46900761626918e-05,1.6620223082449e-05,1.71968234521442e-05,0.499794422896634,1.46900756364249e-05,1.46900760337002e-05,1.4690075636296e-05,0.113295538782875,0.146591918553492,1.4690074917728e-05,0.0810408941558902,1.4690074588389e-05,1.46900755976951e-05,0.108019835675666,1.57981661802944e-05,1.46900756362944e-05,0.0510608739672432,1.46900756375002e-05
"96",6.67606614748516e-06,6.67606366708014e-06,0.0217336635864719,7.11631256642325e-06,0.745818589647165,6.67606416353022e-06,6.67605920435727e-06,1.88539659204027e-05,6.68483667846806e-06,0.00923423563369402,6.67606382518456e-06,0.100092609245011,6.67606335300716e-06,6.67606462994083e-06,0.0425549497789554,6.67606416461495e-06,6.67606416460208e-06,0.0804665363560493,6.67606416831045e-06
"97",2.47143335547173e-05,0.140164862431841,2.47143335547004e-05,2.47143335546998e-05,0.00369978058380094,2.47143335518869e-05,0.0721987067154405,2.47143335547012e-05,2.4714333554701e-05,0.0261936770997635,2.47143335111074e-05,0.0723175938383078,0.348519709988252,0.0577735919902602,0.0747632607715553,2.4714333554701e-05,0.181923416558704,0.0110309571502492,0.0112167282034343
"98",0.000113249506374832,0.0093126614582279,0.00609128648122399,0.050925981431426,0.0222140997116894,0.0198269975655146,0.000113249506424225,0.12080219548184,0.106611030794732,0.0303948505993854,0.000113249506424626,0.395533333123703,0.000113249506428556,0.000113249506424201,0.12993703751767,0.000113249506424222,0.000113249506424193,0.107444529783256,0.000113249506406649
"99",1.39944448401481e-05,1.39944448044512e-05,1.39944448407077e-05,1.39944448406922e-05,1.39944447462397e-05,1.39944448649075e-05,1.39944448435762e-05,0.043351605424918,9.07393268753851e-05,0.784394481127136,1.39944446173224e-05,0.00529624797533789,0.0189537131193951,1.39944448406919e-05,0.144758901360618,1.43563367872883e-05,1.39944448406971e-05,1.39944448406955e-05,0.00298601643601179
"100",6.25318650241088e-05,6.25318650290028e-05,6.25318650290051e-05,0.152840345446025,0.0185634020211873,0.047191983113552,6.2531864950497e-05,0.0300236066945983,0.301538940199132,6.25318650290082e-05,6.2531865029003e-05,0.142343245381999,6.25318650290082e-05,6.25318650290033e-05,0.0975408890033047,6.25318650290167e-05,0.0484154969866388,0.158923063415586,0.00205624095280006
"101",1.86079875047281e-05,0.00293815213365456,1.86079875254683e-05,0.00769999083308747,1.8607987554017e-05,1.8607987509364e-05,0.0144053853216489,0.302870717569676,0.452049966975869,2.46541558797274e-05,1.8607987431384e-05,2.11892076503963e-05,0.0898725930203423,1.86079875047484e-05,0.115505176967417,1.86079875047318e-05,0.010594827474755,1.86079875047309e-05,0.00386848243997991
"102",6.38491656741567e-05,0.0020340180402539,0.219805623153537,0.0323831677780249,0.110648441954887,6.38491650254233e-05,6.38491656751239e-05,0.0108731682305333,0.0829888950054061,0.0292534081908891,6.38491656751356e-05,0.189415672530436,6.38491656751232e-05,6.38491656751221e-05,0.120538665834638,0.0289329260844575,0.0150955576046841,0.148835022025261,0.00881233857359144
"103",0.80002613064201,0.00319228327352928,1.04867225018952e-06,5.06809177122472e-07,0.00231059301119672,5.06809177151535e-07,0.0427995795731544,0.00561752032558247,5.06809177124072e-07,0.00148833468336291,5.06808976455014e-07,0.00253582074178515,0.108464704018287,5.06809177121646e-07,0.0133005228312017,7.73846019442003e-05,0.0177859879264802,6.41118118952657e-07,0.00239691453541149
