spotidx,Astrocytes,CA1_CA2_CA3_Subiculum,DentatePyramids,Endothelial_Stalk,Endothelial_Tip,Ependymal,Interneurons,Microglia,Mural,Neurogenesis,Oligodendrocytes,Polydendrocytes,Subiculum_Entorhinal_cl2,Subiculum_Entorhinal_cl3
34-15,0.003209765989889095,0.2075345857420265,0.04382663553216071,0.0008924766272173243,0.0007029576413558981,0.0009106244164488167,0.09401406686938071,0.0006626021912672506,0.0009237946817531195,0.0020963129017162133,0.0008703881219215633,0.001214842822942404,0.48641308848783427,0.15672785797408614
49-46,0.07378857406066743,0.04753841711818036,0.1865521909899863,0.01086794906633551,0.005476564564306938,0.002629935133915581,0.352385406235696,0.0044019402281048215,0.008808750714763593,0.003964268502506985,0.14209021648473116,0.009998355476413772,0.13268330653985944,0.018814124884532095
33-28,0.6161880324001382,0.012177417524484277,0.027187875436123936,0.05862169999969198,0.011664445848732847,0.009304278428378778,0.1256947313677171,0.053604003505853315,0.011663140255797847,0.012488950085575903,0.013384354167829134,0.00935461041527447,0.018035508413363086,0.02063095215103917
24-27,0.06604040761731783,0.0030187218734742294,0.005687245944069052,0.04158175980097847,0.005592164956191991,0.024848064080325825,0.06668965777992761,0.020560679631795042,0.0033874686797948283,0.016439381087335975,0.586209893389354,0.15029048517792898,0.0036543777928904815,0.005999692188615638
44-31,0.019543170434343084,0.3441323820783689,0.26576527526251614,0.005282086645591234,0.0024663293175683594,0.0011624535590633587,0.13072628245755458,0.0019342770298674593,0.016850476781434903,0.0051835545813864806,0.0012746018883938346,0.002720170565051273,0.0965122115294492,0.10644672786941098
44-47,0.11049975664041532,0.022076649511599614,0.030195589201793542,0.11839283231047228,0.2904425632829264,0.12268234807872685,0.17908455164679443,0.014439981402124038,0.02506934983786158,0.006506526000063537,0.014065282197049573,0.005864012144275513,0.034376105823086076,0.026304451922811556
47-25,0.6540378994955393,0.0027455820439456153,0.003893824557637412,0.010531403319470863,0.0036142984595400975,0.0009031070058766182,0.0023745598058633175,0.03629057463040673,0.003238974039153329,0.0065899410980756025,0.1561450592439541,0.007758280849399831,0.002660068018718594,0.10921642743241855
51-23,0.00036986274922087213,0.9359505022977174,0.012587264722572688,0.00028720918288851295,0.00021528774312725454,0.0002819049740384863,0.004342746760621026,0.00022611287499202314,0.0005296730075952839,0.0004165839104710853,0.0007533605507939622,0.0003877418377337727,0.025998829588079406,0.017652919800148416
33-36,0.00994565209499577,0.26769915182093573,0.09703617505150189,0.0028575787035306525,0.0030257552255583547,0.0034924080584511717,0.08362600601950299,0.0019656750977653974,0.002907690431084865,0.049384470319171696,0.03898343531341979,0.2774219872927142,0.13143905173686707,0.030214962834500442
23-39,0.18539652073620957,0.0126475173642264,0.014578919239055275,0.016343057396340403,0.004126388579870109,0.01633517572923941,0.2636211438363648,0.010408901032305249,0.012565508352249828,0.2436896148167551,0.09260968852958901,0.10684454460545825,0.012077244002195441,0.008755775780141018
45-33,0.00023900503778852484,0.9720834319851818,0.0038927035189874623,0.0002332220387341537,0.000161095848473062,0.00019894781260900194,0.0015913780849054228,0.00016174454260674232,0.0001978780480919635,0.00022146163312579124,0.00026815643059771143,0.00018195997865344776,0.013673144447238649,0.00689587059300662
46-48,0.005514910059197082,0.09359942160272194,0.03893962428892267,0.02133114517237989,0.003063542488772301,0.0027434263659246623,0.4140296563404296,0.004251380841924602,0.00588965901826369,0.0027277499021198274,0.12142323853705497,0.006125156873599131,0.22412905685603252,0.056232031652657034
52-29,0.06790536294550743,0.5817096706622982,0.09897185219091029,0.004805475187063127,0.003784126319083798,0.02379511409902563,0.015194413777774576,0.005393633793678782,0.018689151262086142,0.010310482094041038,0.0019660337912944447,0.001922863829921014,0.09729788697401823,0.06825393307329755
46-15,0.005564330071055112,0.2204111275053525,0.10967213351885516,0.001227697072311787,0.0013899381253893199,0.0017628233106351996,0.07504271476744075,0.0011885883375268803,0.0024773250436794848,0.002669117437539945,0.014197000461474926,0.0017966110134903634,0.29694180952011245,0.265658783815136
17-46,0.0010672821963389344,0.0012790911404866035,0.0011289952209565253,0.0004741350216526665,0.4515785642246128,0.5376073138370743,0.0015486928629564706,0.0003385599350486539,0.0008064991105970204,0.0003909369457441759,0.0007869392087711814,0.00041124833778024596,0.0016148148956145587,0.0009669270623657181
37-50,0.20857991334544332,0.05097624731655048,0.0442203809439417,0.01870289353828101,0.005320509248071025,0.0052216889096759695,0.32659482683024266,0.004268247780120076,0.013594284870186869,0.007747154253334555,0.010281873973811417,0.004200190385577317,0.21650894556514072,0.08378284303962294
41-44,0.20960652771072485,0.03308198343101107,0.05141257035051472,0.06780317066093554,0.047582853705825205,0.0076926149489192144,0.06457992875726128,0.10184156851568282,0.10253889415204608,0.018221170563847058,0.07741614478202928,0.060481258179712026,0.10081940736121064,0.05692190688028027
18-19,0.013265835519814338,0.22720577422396968,0.04559689695116623,0.010327246974697618,0.002517616744780986,0.006746127508700993,0.04019687711500935,0.002547500824204531,0.08997907588646391,0.002243707554927918,0.07383272791116928,0.003602199773269818,0.38781649725899037,0.09412191575283516
29-11,0.07015534807838926,0.24360434370772566,0.11964896279247349,0.008602934694738827,0.007477053730507384,0.0035298901990302293,0.021212667448285278,0.002481382275153309,0.006881473616187913,0.003665234932148294,0.0045067476494565955,0.0020749004285594277,0.480588095575692,0.025570964871652363
11-36,0.00030466905701559025,0.00018914042200425757,0.00018162366348280999,0.0001895994055558665,0.0006872283428241569,0.0007725029698567795,0.00019700432312765487,0.00018249921639184455,0.00013604669034848713,0.00010736761501746517,0.9960432597774486,0.0005410656983930332,0.0003136429489954923,0.0001543498695380993
28-26,0.017286505180371472,0.6778484020459473,0.09043534963390286,0.0022914112250714486,0.0009072346732601692,0.0023878942971543964,0.008660715852278239,0.10533900149645652,0.001476418085388252,0.04241102566998679,0.0010692246552301563,0.0020747096697270664,0.03379739610124922,0.014014711413976158
49-40,0.08937030641433516,0.019434664296012035,0.022509370303387097,0.011718498868617911,0.021289548375070997,0.004603416884918453,0.24760781279889824,0.0034254180061276352,0.03618873253661957,0.007971496788999796,0.3773904321814772,0.01318033265808849,0.12529347947248845,0.02001649041495896
52-28,0.7795990635600942,0.01122574742010023,0.018380345527435952,0.06195968862979365,0.003090356424624311,0.005449020359386111,0.009447268317363759,0.05324836151460131,0.004656076947621576,0.0305395199793146,0.002306091459966163,0.007254624891424492,0.008613040873236135,0.004230794095037443
35-21,0.0016351624884793936,0.0004692991507262678,0.0004090483422899785,0.041487376140684235,0.0004885632771930945,0.008469348118873635,0.0009306828724673597,0.0022653901681802717,0.002055617038586302,0.09719411411469282,0.8410846928475204,0.002041136846710708,0.0009057592012559071,0.0005638093923396048
44-25,0.8246552858123264,0.002166318715652185,0.0070042454451714345,0.010383525987163142,0.014325523026517802,0.005707738794598892,0.001588522893818866,0.0680259829316501,0.03743798473749862,0.018892964651844132,0.0010933140228578098,0.003074343071817281,0.004087417525091164,0.001556832383992242
37-37,0.48455678756973763,0.011539806573716175,0.3819705949907112,0.0026322906251577266,0.008480827784663839,0.0008616869929501766,0.005042298623592437,0.04356648644643861,0.007233635303441459,0.035062208690305796,0.001099085850234135,0.005847894242564046,0.00872407566387599,0.0033823206426106998
17-14,0.0013028726752765225,0.04540483921321896,0.01207715499444868,0.001603727369529588,0.006656136165514961,0.10310801675267013,0.6073629433317065,0.0007243906070871739,0.0032464463274576956,0.009647433738491692,0.014016589957025996,0.0014688000601236326,0.15852406266269312,0.034856586144755404
50-30,0.31239603847960395,0.3474146964298785,0.08991681323615928,0.013923142519038907,0.0036581230321293245,0.002188740653805369,0.047207128038573944,0.024774544128736406,0.010111455503973023,0.04133799613216203,0.021204112294658482,0.026956512363354803,0.043070580218663904,0.015840116969262023
46-42,0.004933255364622324,0.13517188834809024,0.043226309610600845,0.0022422678465983605,0.003598144854073796,0.004902228113880569,0.3710019718116591,0.0011191546647456962,0.002761115872510868,0.032846625350106275,0.11339604146748575,0.011114632020591037,0.218141227631574,0.05554513704346115
38-15,0.0025068219702338726,0.184346455926273,0.019085282197861642,0.0024241908525188685,0.0007891232627869147,0.001114631766755418,0.13820776696847445,0.0007767433042144222,0.0009349937492174483,0.0018263354553288184,0.0017911892062897276,0.0011245833638689631,0.4656467662517478,0.17942511572442862
42-27,0.5330124823446477,0.0029155635859095,0.008115246123219918,0.023440668310102223,0.08555428261518382,0.0022878688581280614,0.01003889009832329,0.16484306136139415,0.03891300990317176,0.009010211208326846,0.09565493840485928,0.017988814479387476,0.005355621790058218,0.002869340917287766
56-36,0.0335782018080082,0.02133295144759357,0.043522508510953746,0.0033077949125985364,0.0028216157030975133,0.0026832600295183646,0.20941787216578828,0.0016272991303804872,0.009100813164220456,0.005629954360833854,0.5091971409115107,0.010877298814439289,0.11578198197470631,0.031121307066350683
41-19,0.03653417385899056,0.0005232576776002855,0.0005626593532659478,0.013961009997442585,0.015978126683634113,0.012101655636241097,0.0007108552406214389,0.0010277715620389868,0.003004537268919198,0.000891462623577751,0.8923699136466215,0.02097262302223223,0.0008990966484120354,0.0004628567804023232
48-35,0.10208144399220866,0.13152486565119473,0.03744780768191865,0.00845515949114501,0.0030390285533503612,0.0028847450226346647,0.25432842588249377,0.0021901070840539398,0.0458661331596541,0.005785029264962869,0.10214332364546715,0.014606447843538203,0.25376371297891115,0.035883769748466986
34-32,0.7840770745130022,0.0070763346584123595,0.030139699451823997,0.02922288876197354,0.01745456001496881,0.01220451198455862,0.002296632425343791,0.06731567669905143,0.007519730667181096,0.03223056303665291,0.001962021446856055,0.0023112081976949792,0.0044653191181599945,0.0017237790243204434
12-37,0.004237345339117798,0.0003276752009612404,0.00035779837108446735,0.00041205048568275667,0.0006908963059797312,0.0012615661972780693,0.0003953191272646364,0.002105060578592304,0.011581117569238738,0.00033850203946782193,0.9608802117411118,0.016076624227173812,0.0005976963492188514,0.0007381364678280661
18-24,0.003012849519942351,0.2249625463184386,0.01875563985217224,0.0014098963957418027,0.0008632578502146455,0.0012682984073888192,0.015285642143178811,0.003313576562075295,0.0018596334232092505,0.002270511082431087,0.11728826204054728,0.0018180889374730623,0.22447023269238092,0.3834215647748059
27-12,0.4077520340204517,0.05168997833347829,0.04466608827782355,0.008327556809336006,0.15428649572279768,0.0024176018465436925,0.02043209022701588,0.005955376364203395,0.004240185873639336,0.0032843883670062527,0.0045535692675512515,0.006278701919863672,0.21876058761106312,0.0673553453592261
44-19,0.008771700357990776,0.0028958871475140676,0.00566151199948829,0.0047723888662973835,0.0013386058810214711,0.0015887427051063919,0.18963119869036463,0.0016026580232224202,0.0020705006846471917,0.08387261035955026,0.6641075048243033,0.006238063587057462,0.010208960430465338,0.017239666442971233
36-22,0.31051386766107514,0.10743159702058808,0.023669784884766173,0.03467118918232914,0.00923591907562949,0.0037346448522649067,0.03223794406452728,0.049891866386092214,0.012187919802824541,0.02459924284313745,0.24573661914778272,0.12838797622865247,0.011273762504051058,0.006427666346279414
27-15,0.0038030592193927714,0.27513606079209874,0.04557190888149638,0.0008343689928838798,0.0006669530979160889,0.0008001398047129454,0.03194450070463117,0.0006960289184319222,0.0009116043487907541,0.0010434938199833678,0.0006890335902930135,0.0007904360609333755,0.5437020289840574,0.09341038278437828
22-32,0.15695370997419453,0.06203898356174326,0.3377181375564522,0.010693951879690218,0.015618793866829192,0.0029029560570676847,0.1029949311869663,0.24809596393966651,0.005787817802942943,0.017057514029378867,0.0016995595756445852,0.008007840084995534,0.021641272790862216,0.008788567693565879
47-51,0.011764784172702152,0.08327446035492173,0.15125881295570173,0.0022538363550977953,0.014176315009856636,0.007675134840224572,0.39865689921647884,0.003641446258068252,0.004017851472694655,0.0019130075509824391,0.002556101797528632,0.013245949117716191,0.2556171143592785,0.04994828653874791
33-55,0.3245816619245295,0.039922801611344885,0.05302937952543102,0.008222783316678646,0.011945157234848817,0.0051418035411981925,0.1645301142823058,0.005353696342108229,0.11402723943498122,0.006692864833231236,0.055489999648385274,0.010909623745414335,0.11823864847794527,0.08191422608159737
45-27,0.7762782984513507,0.0005602161495271892,0.0008181908889060959,0.004181199814993024,0.0017165317425295527,0.0008226466924941614,0.0006614481649425547,0.011218358005911238,0.006545348108926571,0.1730505347602177,0.0014509002655708916,0.021206750136054383,0.0010082239663210114,0.00048135285225493806
31-47,0.1649314527648266,0.07297373735183414,0.03786297960762291,0.0121255130550782,0.011365757110919483,0.04454667063777257,0.08223702337219356,0.010583722382832934,0.025407382420699,0.011205970366827451,0.13879829071153135,0.016858935928834314,0.24322916205319656,0.12787340223583088
19-34,0.03090175687290404,0.0006832676340969329,0.0006585657792236138,0.002381961751456054,0.0007145522588797243,0.011648170645993586,0.0011851964872983374,0.2592264482842253,0.002000140415274157,0.0024232959135599683,0.6324952077510463,0.054161171876868176,0.0007306231565588501,0.0007896411726150217
51-19,0.13828533774680243,0.0004227348065346124,0.0005185004833507742,0.0020054713127027352,0.005283315912588926,0.04036314212286362,0.000795563102057618,0.0010037005139172477,0.0006310003288108752,0.006058471126473842,0.7906598265952717,0.012734864798057282,0.0007234854628625655,0.0005145856877057205
42-12,0.0037121798447824978,0.1193435006080675,0.13990603668702606,0.0020458800231730337,0.0014942446840211275,0.0027889407655334294,0.24124393934075647,0.0010490452844472606,0.004214813859616843,0.0044180592578736255,0.0013815943769819423,0.0013439298735905237,0.22021388695720054,0.25684394843692915
24-13,0.6426635251265468,0.015004361468352045,0.017461115725488516,0.08536904961423755,0.018333786319715096,0.0013882855632518301,0.018669095228898133,0.1410021828134972,0.009052068737009707,0.007356050140514968,0.002025576420149884,0.0017076429565048875,0.023943551561082178,0.016023708324751345
40-44,0.029206145666071184,0.05151457491185599,0.06869859726846816,0.012999934235799392,0.008349528088915599,0.005970236960784051,0.27475502973019666,0.00305228024515159,0.01646486613045123,0.014364725950462084,0.30342637674338807,0.04367854859943986,0.12212198400055568,0.04539717146846023
33-20,0.1466252372870484,0.06090261569330043,0.045142142274230405,0.029928541395552448,0.007862568905489887,0.026985145468458333,0.023008765692793816,0.020499244284268078,0.12852437874033004,0.004712296667369861,0.28764880605268683,0.016285321955905745,0.044273978263218314,0.15760095731934734
57-29,0.5723157148427838,0.04762543451812552,0.12691515999273792,0.09584112036627983,0.011273342728845443,0.0016401338618674773,0.022240575498729293,0.010959269613992137,0.004990883035376514,0.010584440295811477,0.0010164310938875357,0.002950475877509028,0.021389862752448436,0.07025715552160568
40-20,0.1182777552935407,0.005437703773235735,0.01025763560953297,0.00428854577876788,0.0033689093086772186,0.011208638014545868,0.15168078234711754,0.14429466645585698,0.005783536368737913,0.006483843536806112,0.4374858603325145,0.07533591783889139,0.01792074130367162,0.008175464038103606
12-25,0.2575482550864314,0.0903834632663394,0.0420473036757451,0.0412846605494184,0.003915566667877894,0.004371322326407944,0.12240550343764355,0.005672044766327629,0.02379996666807387,0.008123150337196192,0.00892626828591469,0.015711276096577458,0.28230814816837063,0.09350307066767573
39-33,0.08518881288129665,0.43130732340617645,0.027644141261789316,0.0026188880255895632,0.0018549971616654399,0.003069613096771602,0.17987376518695497,0.0036204439351127287,0.0016928011562094654,0.0035423667199849323,0.00167537465620814,0.005182575425339648,0.20501024401205967,0.047718653074841515
46-13,0.008951886315161622,0.16623349801002354,0.037693205028267666,0.0020125749719239775,0.001978355078109518,0.0013895846105022515,0.03830826890397425,0.0008892009983108971,0.004623610041649697,0.002330881655080207,0.007938786302021203,0.002165248224468814,0.43206527132085715,0.2934196285396492
21-15,0.765546368433959,0.014260697866507554,0.024318949718386187,0.00552247247251729,0.0012620262593281768,0.0006842056751367832,0.05152405401848188,0.02593750386599988,0.004042204366262909,0.0061004711718145276,0.0009674033331884347,0.001893749420055926,0.09015580892931924,0.007784084469042568
49-19,0.001416573911430965,0.0005680776381057773,0.0004634567211624799,0.0004735400783203946,0.0024166527346619593,0.29344601454631514,0.0033208888449201917,0.0004936409335517595,0.0005048619747346074,0.0004127135191450489,0.6944050446606025,0.0006780542231251439,0.0007577052105813713,0.0006427750033426847
24-47,0.05704137997160905,0.0057971203331098975,0.005490354156770145,0.0034422379700619218,0.009134538025164658,0.568670616373449,0.016159717868802798,0.015014539543904765,0.0026213974591122484,0.005532704232052496,0.1357047797900022,0.15898441483541198,0.00716885984822804,0.009237339592321092
35-10,0.018002532453631197,0.0729737469499758,0.4021190657349712,0.004807239810249299,0.0009625433036443029,0.0016707112376315217,0.016136526508195522,0.0008907265167984566,0.002640020587945219,0.00570215411251164,0.0007284198842090357,0.0010124072159161516,0.40737083121280127,0.06498307447151937
41-36,0.6746277841250504,0.004824413408510713,0.03450448246552093,0.13079700852887816,0.09789310619232047,0.0009413784414494059,0.003752892615449456,0.030736003118349144,0.0021622607828903247,0.003809316845551704,0.0017710259225714705,0.003574022931089364,0.007781588223313819,0.002824716399054652
23-36,0.7244620246386039,0.009069114191545623,0.06292856568594069,0.017213871464960697,0.009554481256535914,0.0038734976383485217,0.005095579941291999,0.030767208995270905,0.00430597995376269,0.0046433532203138264,0.09129876339969965,0.009683470210784821,0.01622546985355241,0.010878619549388275
34-49,0.015307563518341278,0.09629737106389154,0.08640861817926705,0.003991415317004123,0.007195257643982421,0.008885625826216567,0.26041143801682387,0.00324533498733266,0.0069505268707736,0.0029611001778707346,0.2258281050139427,0.014144581423941269,0.18783502986504047,0.0805380320955717
17-17,0.005812527420957424,0.30474751798906996,0.024091108599575764,0.0009651683615176837,0.0010783021637595196,0.0010818265541948154,0.015419550031493146,0.00134415564217681,0.0028888084247008046,0.0015167793167808708,0.0005895188417477026,0.0005832236674897245,0.6091165564953609,0.030764956491174805
51-31,0.0002856516678916034,0.9691366804716297,0.004711129517121022,0.00019556925743505286,0.00017074930203478527,0.00025039965806710195,0.0016462086791335156,0.0001441993047452038,0.00020757444271890692,0.00022910616427858783,0.00031844193032684967,0.00023905594064427228,0.01726428474627153,0.005200948917701708
30-15,0.0022215991380929675,0.11607181724285329,0.1378994577266885,0.0008298967868369034,0.0022417842944839517,0.0008397202446648699,0.09680880801663982,0.000538210182379376,0.0007858793063555228,0.0015172103732981296,0.0005761823673110554,0.0005549817165026646,0.5253493895260797,0.11376506307781344
31-28,0.6174211057211061,0.030760194451894183,0.12134673170337187,0.04135406160932731,0.0027894997612815838,0.004641593956373756,0.008271290653340287,0.07722009683724258,0.010542505828775549,0.011356847847349026,0.0013722204503777053,0.056283215334400505,0.009485977652317913,0.007154658192841476
34-8,0.002880204718845689,0.38174876133486785,0.08295546837496115,0.003536201635101713,0.0014295425053940055,0.0022202600343023027,0.022002694009577987,0.0012610667729397863,0.007440130895164357,0.0028066436258333024,0.0036732984238238217,0.002939006973049489,0.3811001749436954,0.10400654575244303
40-13,0.0015204907219619121,0.1255795383307576,0.016951870140390447,0.0007821989018312522,0.0007776594392949792,0.0013394662208815328,0.4842865424858807,0.0005479413201985988,0.0011856067202599754,0.0014635181002367373,0.02000589626369467,0.0009781478753057356,0.1730086364981429,0.17157248698116304
46-40,0.20580497368907055,0.0224765079497115,0.023809537545150857,0.005653355133918946,0.020249198891229683,0.017136822060989047,0.11540066535453702,0.002217298868730021,0.005744968857970147,0.003828707433428803,0.4159564614839185,0.036274031605185546,0.10311331491010993,0.022334156216049388
21-35,0.015155345774576492,0.7813143243655105,0.03800780569495464,0.0026045870411686395,0.010857537031703883,0.025871644283225553,0.013765661537892415,0.04125645984156227,0.001834627605967816,0.002414909164031906,0.0020527653232187957,0.0016394094932368202,0.05124826113205362,0.011976661710896485
36-41,0.008936411764047159,0.03924403733524824,0.007663618037800779,0.15544048258701115,0.6710699126849757,0.017091779102290962,0.01163481882498311,0.0360573377710641,0.006777974467627496,0.002182374374539278,0.014279645768156027,0.0021391354924588505,0.01185946597672429,0.015623005813072768
29-42,0.0100230969140799,0.5115010477819941,0.36149294135459564,0.0013856385231991604,0.0007882738369211406,0.0007441848354283359,0.007072087378274216,0.0284287614495018,0.001360495932767798,0.002893673549289432,0.0016935007676701433,0.0012071575156296875,0.05578682353031729,0.015622316630331316
17-28,0.025944553886064353,0.16490238548665662,0.02676805664950947,0.003237725052092043,0.002449000709235292,0.002220618398764227,0.18198058014553403,0.0016690419906357085,0.001966570567238645,0.0058416009306770334,0.2680643970346344,0.028985409097006372,0.2035553697142754,0.08241469033767632
47-21,0.11436879694977956,0.2867594853069305,0.41136023146000683,0.014391637666251227,0.016217476286483224,0.0016557056954813075,0.036271447862706516,0.010856372504713675,0.006388415026880876,0.00785439848812897,0.022628037217725328,0.015621244220093537,0.03562741336527828,0.019999337949539987
14-43,0.28568966643413,0.003348442801660563,0.004386933565827484,0.01654873806641518,0.4177537388494764,0.21792633012594212,0.004006981967887814,0.01647185417856851,0.007555843509085188,0.008135801020763986,0.006083131432994833,0.006815434603856918,0.003364899577746997,0.0019122038656439308
33-31,0.7710505157703772,0.0007712328759154049,0.0013728924961983952,0.06947781129228801,0.0033185394644065346,0.0017310787692226257,0.0013260828160845443,0.029929224406605743,0.01975502754268805,0.01522979311992883,0.07790669162315905,0.005342658571366954,0.001872890880095212,0.0009155603716634973
50-32,0.07394214552846709,0.6013281279774257,0.08925544393488877,0.006546685372815443,0.0021364275205598606,0.004485802228383407,0.023936096824265292,0.0026972854347447066,0.017338807738041764,0.03185213636818063,0.00273762985171623,0.005376784135959688,0.10453858596880834,0.033828041115743
30-47,0.4577136518260525,0.011188154298589397,0.02142884021145187,0.17547797628401776,0.015325651786811645,0.014995366812734995,0.022446035085500266,0.04225077852400387,0.03250679566304799,0.009483793060535532,0.11156173009272155,0.008168987263454906,0.040740797225486375,0.036711441865591256
31-16,0.0017408004241169365,0.39029479275894147,0.01567357769193593,0.0005139916129142345,0.0006130770071979493,0.0013789886320859784,0.02786457577834643,0.001055367095782037,0.0006691309968915343,0.0009699278536746678,0.0015791976180405585,0.0006593837040023146,0.4056391195169854,0.15134806930908454
38-38,0.8602595538039346,0.0018744674157453766,0.0052697649189069554,0.009889901749357262,0.01188511919476286,0.0023672856138031756,0.002384471087737798,0.020232930103901772,0.009297755309520728,0.014442386273735397,0.0008036101272862103,0.056785907949071776,0.0019076020811382933,0.0025992443710977486
49-47,0.21530224980348447,0.032123800315431335,0.058956571588753136,0.00565793153257166,0.003951917068371042,0.0023326102530932882,0.48885532867993026,0.0019546908338204955,0.009047260028010646,0.0027059843379842814,0.004657263962657029,0.007213826286246643,0.1317393505028101,0.035501214806835546
15-39,0.06934107157277918,0.21722343228846236,0.04041865646101004,0.012226503439555336,0.022325423122648527,0.018687243286323384,0.09690158391777974,0.007006115923637251,0.007461338363002612,0.04752712244393391,0.32820950826358947,0.02579935797444088,0.03765490462037411,0.06921773832246314
31-41,0.2552191093239668,0.0689647864422498,0.4881847580221075,0.0040257464667106165,0.004769202405854698,0.0014498933432246653,0.014122174811407597,0.07946865222559868,0.0419007297131032,0.008167310593583705,0.0011975435325119795,0.0017124622714927643,0.025130615824717414,0.005687015023470501
20-29,0.10703724503523333,0.0003785335354228767,0.0006108173748774027,0.0063242524470695565,0.002384679650686972,0.05850058019177311,0.001200209536978068,0.007308861648539882,0.012280270830611102,0.003106274509635498,0.7919049288662688,0.007542332889453205,0.0007697091355664316,0.0006513043478837526
20-46,0.0015100519239973236,0.034104515409265075,0.008946470724821692,0.0015178917648139894,0.004312966754855089,0.5967204217544807,0.19519351166915944,0.0012881960934351287,0.0012101058473132458,0.0028513589956487865,0.07439596707006478,0.022132455674601093,0.032287513826617716,0.023528572490925742
37-22,0.685948288867346,0.008559615534372735,0.07669274632089557,0.013946704919021245,0.004214126138223923,0.0029413155063901294,0.004211600987638337,0.061686869554890326,0.011686427967846932,0.00994027164145304,0.06434555976636516,0.041845969058006444,0.007535579596862229,0.006444924140687908
15-26,0.0031055834188580354,0.13280709992244522,0.01881788120270713,0.003586593210653782,0.0014781139311104404,0.0017350619469682477,0.0912150666760935,0.0008321800657644758,0.0021229826753393125,0.0025154501905890942,0.32727572518906245,0.003736845541189932,0.3230654052186834,0.08770601081053515
32-38,0.004597433893976268,0.46225477534106424,0.021382142398357326,0.003200703913477177,0.003799572426039421,0.002297610087844069,0.2501783569906261,0.0010179956482671093,0.002655840062860695,0.0035627789512504586,0.13153733005234783,0.003948910143694883,0.07500955032529538,0.03455699976489915
30-31,0.8171805759771054,0.000831528772778466,0.0016450350498780984,0.014673445351531705,0.019624053368819505,0.001092108449526691,0.0011539356076117968,0.08256946675910733,0.018673850787304835,0.021808389040767043,0.012255103979762148,0.006874377720725057,0.001025574078997652,0.000592555056084107
56-31,0.44146097157487746,0.0007494560398787617,0.0009830195152031795,0.010286640348025882,0.0015208287286263217,0.037338039160491825,0.0010834461918939695,0.02289402885101729,0.0157160533956467,0.0014218304925919937,0.4572870603963249,0.0078115899962649124,0.000901929103469104,0.0005451062056876694
49-38,0.4416263824581237,0.00953754717241211,0.015345348255157223,0.011531894117429616,0.004831362236034518,0.001706562290181382,0.06609187712108404,0.007221947716647186,0.07707282220753317,0.009013400496288662,0.3232893929312761,0.00902497955901504,0.015672413699035513,0.008034069739781637
29-55,0.01964934168823723,0.00048819440216550024,0.0008366678391101291,0.0023079180415467387,0.017624212195095395,0.0627214573249881,0.0012430603932523812,0.012436895900605182,0.0900129975466368,0.0005469612823007124,0.7839046230400677,0.006566705824283053,0.0008798862969290904,0.0007810782247819859
45-52,0.01004832568475092,0.040894556756246335,0.03397776260389363,0.0038852532368381164,0.003648792024785092,0.0038232224587392977,0.7386177007958122,0.0008543382715535603,0.004697115615561363,0.0016765880851418568,0.06738432890820367,0.0030563402277749524,0.07319845929237867,0.014237216038320228
50-25,0.6172061351026985,0.007000063811806218,0.08233674711337552,0.0808909427704842,0.007304667513807852,0.0016797413819502583,0.004412640267800688,0.16381951721349666,0.0046191925247856935,0.013273530390160559,0.0018785749824685519,0.005004700418100667,0.006796272327314936,0.003777274181749816
39-26,0.737405567824795,0.004702084866085502,0.007346700162850844,0.12126920944950573,0.0033578075775848176,0.0009222531280550304,0.0017118811973952433,0.1012564464413207,0.004751698445251683,0.002824107258513175,0.000465905225013419,0.004195619952011576,0.003881826723233132,0.005908891748384173
29-20,0.0018144071215737958,0.2805527576751376,0.021415742490478864,0.0008722188932730168,0.0005619912649335104,0.0006103931624613687,0.10289944504558904,0.02497908475920325,0.0012890292605061938,0.0013077897088024583,0.0035341248551177514,0.0009722281636472079,0.37711211111671095,0.182078676482565
40-31,0.0023955150362750624,0.4126026622025121,0.507273916859411,0.02538490972327313,0.000704396769428345,0.0009846884860935147,0.005305986730678394,0.0011929812758383349,0.0007815120162095247,0.0010314054034995304,0.0005948585399000391,0.0005967369281832858,0.029289894440922077,0.011860535587775755
44-32,0.4483695949230654,0.0617701349324211,0.34871046137151523,0.017910742668756214,0.001847984797418208,0.0017904387828410024,0.02440045832989194,0.004805810065047153,0.008563852731474976,0.04035712282434542,0.0012134963562343071,0.0053518718400756655,0.016854402508147504,0.018053627868765947
27-19,0.007772477232375729,0.2502520251152854,0.03111021517440262,0.002205545352173293,0.0016383415930923283,0.0015935009147128743,0.05984512638435889,0.0010791431127474755,0.0022939678031082523,0.0046676520460611146,0.09462773147033372,0.004642080905394846,0.3495008974535811,0.18877129544237242
20-30,0.00025875017392365215,0.0002109533966431867,0.0001457423056664047,0.00017840568754634874,0.0001600929488640549,0.0003926398846725652,0.0002101132332693305,0.00013448831047433476,0.00046830251142364636,0.000117834881027389,0.9965708116152164,0.0006570092972490295,0.00030315264347230344,0.00019170311055122086
36-31,0.8502583503962319,0.0044440328216713626,0.0512036078216575,0.012352193117004402,0.0018527434280776372,0.0010553210889360433,0.00452128883844787,0.044599568129135916,0.004653905280234441,0.012120205253293171,0.0013423565992489357,0.005394300857502567,0.004518474624182628,0.001683651744375764
11-23,0.07594938149679667,0.16898900107431172,0.020248511658442887,0.0024994738289896117,0.001822733507068232,0.0034249601328173633,0.018320775347913237,0.0015549452025811555,0.002792102612420504,0.0033066122800106527,0.16065092332596534,0.008019094783712547,0.47185090147443753,0.0605705832745327
14-46,0.0006477219803676296,0.00047970066948861147,0.0004901384261052231,0.00035519548872389755,0.6435536943223268,0.3505794359724201,0.0007101488784336198,0.0002918120896137375,0.0003669986471804196,0.00022184148947637178,0.0008391681196108294,0.00031009883915254576,0.0007342886898868023,0.000419756387213239
30-17,0.004106471706789574,0.2613410732958453,0.04132716983250847,0.0031298995684529386,0.0010028526712421847,0.0013092942070197194,0.05741044694786544,0.017886132979120065,0.001639913416609719,0.005131891078884929,0.022977092444682354,0.0019229847299556692,0.37908998390726373,0.20172479321375986
44-22,0.0003831255936149277,0.9642182903418626,0.00793487563718741,0.00021744335735689475,0.00025868968201091914,0.0004231755696439472,0.0030238959681989186,0.00027539523169242724,0.00025897251047942907,0.00025523192637785146,0.00034202348708238305,0.00027607349322591784,0.017434571735041517,0.004698235466224885
16-48,0.0021508367474892594,0.019639997431089663,0.006604728062199794,0.00428597532780506,0.06270583680902662,0.6157353360677461,0.21994855397749513,0.0006523277099574115,0.0011742879974336636,0.0038678750682471395,0.0042437457677588705,0.0009741472146398624,0.0227537299398712,0.035262621879239966
43-15,0.0027462718531999952,0.26750749063229445,0.05574034058136102,0.001706330743739408,0.0012388128497609692,0.0008987293969200983,0.01992952886746008,0.0017576627969796285,0.0008870768021529491,0.002652748446373764,0.1133807327320322,0.0018575403054631933,0.3952634166674163,0.13443331732484584
16-27,0.042184591046028924,0.08895697376901025,0.033939825740623035,0.0125640336130331,0.003791916979998573,0.003631666753578733,0.3804297784860697,0.010504343438113512,0.0050446288426878065,0.005097038518737308,0.0955310918329714,0.004008088775431901,0.23013850991798837,0.08417751228572731
52-40,0.19963601726326377,0.029979999373215164,0.06555852545927927,0.008468722161135719,0.014100715875578937,0.005266722071331805,0.2307259259773027,0.021512676628467977,0.008222794738532362,0.0042364736607556274,0.2726259365153442,0.016630963731797576,0.10452560077841264,0.01850892576558229
16-38,0.5368830969541655,0.0021845150448657562,0.003907451077777164,0.006469030162800633,0.0171339941878683,0.01738547469232963,0.012506393420973204,0.08262539695488004,0.017592684476501468,0.005520999369913057,0.2795521737388317,0.010457683414054326,0.0037767277656700023,0.004004378739369292
42-30,0.6633953950726811,0.0819023279632927,0.1458904152059288,0.016711870369269313,0.002674416168961414,0.007104365790444452,0.007031449615851507,0.015374201461432951,0.014055756072249823,0.018357641772511184,0.0011685359767720622,0.004084632999456156,0.012990926787225488,0.009258064743922984
52-18,0.0004822497277959858,0.00023241292847979482,0.0002298557142966304,0.0009102992039780033,0.000286096642306245,0.002642463947657692,0.0003937562236075141,0.00016321498852151672,0.00011771120302400088,0.00031403109925801266,0.9932965245113027,0.00032687263986364256,0.0003003726526980714,0.0003041385172101596
39-42,0.1563755178426578,0.05309502363148104,0.05395003841277017,0.02101962681713933,0.04173589218796284,0.012753161671544829,0.06453537687499337,0.03826534181003821,0.03403420376652072,0.011025922079701872,0.2465498752057319,0.05189471398578434,0.16048636901217053,0.054278936701503036
46-46,0.05334326051868096,0.08493686713356674,0.060523273309094544,0.0176587569673352,0.08486049646687645,0.003736555527360362,0.2094309142169897,0.017810980271161687,0.06392620723124438,0.010637384895407801,0.22570588414966647,0.013209089368238726,0.132336091559031,0.02188423838534595
52-27,0.41287732576777714,0.0022806789904886134,0.0030678335567681974,0.06230101444706584,0.043244183508588704,0.002812155604999547,0.003014337743000107,0.2948874745857454,0.0857429539274758,0.005362620618437961,0.07411123581268167,0.006932949051502974,0.002260223333077844,0.0011050130523902156
15-35,0.0008177349397267786,0.0002521131339074358,0.0002151182252558791,0.0009907131683532134,0.0004691549510048536,0.004874850990148044,0.0003160932356817081,0.026014281673182846,0.0003589920824942715,0.0002592897766127763,0.963959537481288,0.0009160299569147165,0.0002733196712331262,0.00028277071419622387
10-37,0.003036019533299676,0.00019466240809014196,0.00023670051766472368,0.0001666529841665075,0.0005674335375018281,0.0008568357459805035,0.0004264462525029924,0.00046107221607628624,0.005013544906679198,0.00045102585687505206,0.9822459369272623,0.005294936817951644,0.0008421108692469624,0.00020662142670221985
33-32,0.6943210977296116,0.0012108446901898829,0.003106489869428066,0.08156244904778008,0.015188382354644564,0.0034616352817728713,0.0017883228019314162,0.12597428332038882,0.011540285229769014,0.03439424499303897,0.0069012302078595295,0.01723404670613604,0.0019013606224928506,0.0014153271449563088
37-10,0.1552422979946539,0.09605058669359681,0.11960952210325614,0.04582855205649686,0.0020073147689230173,0.002076703095771411,0.09898599138994887,0.05064029518047764,0.02141922624360945,0.002189305768933119,0.003019108758257857,0.0040800283093211315,0.37435405361805507,0.024497014018698915
12-36,0.0012697422225127798,0.0002835186434713257,0.0003246215396299873,0.0007194554680604179,0.0012147611885712389,0.003905888601420703,0.0004713945245125112,0.00019224172628581372,0.0006177028368943544,0.0008622408157406732,0.8956662640786686,0.09363730022453841,0.0004888742152624447,0.00034599391443067084
54-10,0.026083037017384295,0.040629150304599446,0.029141785365829172,0.08788929781987365,0.05433325432331837,0.004775805767917135,0.2189668202734726,0.001157171565389042,0.12318118641370793,0.0017714176853877738,0.026643049760009505,0.0013413766701850214,0.07882292611383085,0.3052637209190952
40-40,0.006241724735721502,0.06784221858978587,0.04668726981307629,0.0031312632568268415,0.00618315485331877,0.08021954526390568,0.1976198710750877,0.0020905250626477253,0.002005511970071194,0.0018904113539935324,0.0064603853665857235,0.15587441831958115,0.3742186056336043,0.049535094705793724
9-36,0.0026893051904265074,0.003618557919851096,0.0028947518745740283,0.0024036431718867835,0.003412427883375602,0.048770385565586195,0.0013436063842769727,0.044400514869623355,0.007492211265323461,0.0005447051037229607,0.8661832670625889,0.011809855715197767,0.0015256969763751537,0.0029110710171913606
26-33,0.48806508512531366,0.010818500304526893,0.03191286156220694,0.053082669911775515,0.00846873423358448,0.0010251023633996033,0.00881946964058847,0.36415075976219186,0.002214516883627837,0.014690040965082208,0.0007964754986980255,0.004046571403841041,0.007535081453383657,0.004374130891779681
22-35,0.00042264568210693217,0.957182306838348,0.007988814783303513,0.00024237139972327094,0.0002648807173256041,0.0011865512185665783,0.002523479080260933,0.00023879288303382294,0.00023652689710148856,0.00036572344178194705,0.00036877393149574645,0.00023618469498238906,0.020645401664454246,0.008097546767515637
50-23,0.00046230025504955056,0.9487860448530073,0.010997132927088916,0.00028473861333680467,0.00022134790600731054,0.0006680420462693736,0.003605256601144044,0.00022547130992666624,0.00029550440197365486,0.00045489628146990786,0.0003822409591432416,0.0002658090116920724,0.025541068949783426,0.0078101458841079345
20-43,0.2055063034887696,0.0006202977709868089,0.0009337718754374581,0.004625212483175873,0.19572911301454826,0.34930594212607574,0.0010070467718555306,0.005867732591630484,0.002848379406570749,0.0019817684207048734,0.22197669468031112,0.007838506727168355,0.00106719871906808,0.000692031923696833
51-35,0.06073177070238174,0.07437683523902076,0.060765774199838245,0.006875330378077729,0.007374533424480796,0.006221798119017896,0.3333369375509614,0.0016370626506033085,0.0037461948940798106,0.002921073238440308,0.2017186300017882,0.021095116675175784,0.202207690875888,0.01699125205024605
42-52,0.17026605905445658,0.03511244285320681,0.22540798422718958,0.04219218252482097,0.018282201255745402,0.003996197813595507,0.034916668722813494,0.05840806110969675,0.017691497379710333,0.009163616709313383,0.26226179052931814,0.007917846632562987,0.06632795875534218,0.0480554924322278
12-29,0.4020394386758971,0.09133539820913097,0.02003571107441011,0.009981158434741072,0.0036554232506954493,0.004076210610209305,0.02818152672228705,0.004033906566528558,0.002869872541477755,0.005201546947305375,0.002523738684796464,0.002666484476376181,0.37108951249046346,0.052310071315681175
48-36,0.1330845350582598,0.08503873247712573,0.07694156523060185,0.005551837403177052,0.009899452694219775,0.005333837564658639,0.48746903435223365,0.003624092427204146,0.007963601107766493,0.0030330597048112283,0.015915386267298003,0.008830397115526882,0.13183960566227854,0.025474862934838225
