	b cell	cd4-positive, alpha-beta t cell	cd8-positive, alpha-beta t cell	conventional dendritic cell	monocyte	natural killer cell	plasmacytoid dendritic cell	platelet
0	0.2002573114547481	0.5917891121494032	0.041135924388485026	0.008383497655907875	0.15837311282799266	5.083109939956086e-05	1.2117001274405426e-06	8.99872393615758e-06
1	0.39085831919429903	0.28166100731760957	0.03572837077960196	0.016297742802059614	0.2139159938950113	0.05604373936953568	0.005488876793433064	5.949848449806396e-06
2	0.07504111075384581	0.8215064780296552	0.10096629474060859	9.33536951601777e-06	0.0006363390985233704	3.29622519837806e-05	1.8055349036773278e-06	0.0018056742209636074
3	0.029252675819309796	0.13384420390644924	1.5146152549372015e-05	2.5099359291320448e-05	0.8362232898682478	0.000634102056466211	1.3911293242178465e-06	4.091708362023387e-06
4	0.2547252784931825	0.29259096978223204	0.021906900118665317	0.14575215619051252	0.28109828225758404	0.003921699983704461	1.3756562483644346e-06	3.3375178707888024e-06
5	0.014022215350807561	0.7870707201551034	0.01390328538665349	1.2608912462860683e-05	0.07830381142456111	0.10668241481076746	2.9188421443380876e-06	2.0251174997907315e-06
6	0.1356684706286994	0.3115140730573501	0.011417511540598954	0.029770407311428822	0.3991610859682118	0.07931090147821732	0.03315512340550239	2.42660999115685e-06
7	7.363356790072145e-05	0.7289870308655408	0.010339097829900308	0.0002187046999539899	0.09736990026345085	0.14356626702970315	2.600780502740726e-06	0.019442764963047372
8	0.1369897009506805	0.2790470547820499	0.029326266330782592	0.2863517249948932	0.23386864773765373	0.03441010792595686	3.4537631555787972e-06	3.0435148276523634e-06
9	0.23011669647737604	0.26551156543395565	0.0109166581668294	0.10407718040943453	0.3449220206402397	0.04444785284850282	5.6784692992301325e-06	2.347554362650512e-06
10	0.1044133551282011	0.6113049227917078	0.0957540509071209	6.066557122097257e-05	0.13153069192264286	0.056925568160633065	9.435977470970122e-06	1.30954100233691e-06
11	0.3779338269327233	0.39550445645343635	0.022196968171724337	0.0036330382242456545	0.06658807783982873	0.05962585100494983	0.07451532724608455	2.4541270072476557e-06
12	0.07334952805924724	0.4089231821403545	0.014854396626529834	0.28675396184929536	0.21212030962877598	0.003994427010770187	1.7722650536950934e-06	2.422419973192176e-06
13	0.0001501310120936981	0.8298757412075222	0.08004646685762738	8.588162946328644e-06	0.00013257166292890207	0.08978084404539204	2.3540928527334335e-06	3.3029586367577826e-06
14	0.012634106582544132	0.2992552360307507	0.01846178932473629	5.664312659412141e-06	0.5662422299753059	0.07809195345131523	1.4857720851412428e-06	0.0253075345506031
15	0.030042492787677216	0.8700238355042842	0.09737215586327691	9.051294984940195e-06	0.0001171299067331881	0.002428800898258637	2.0108952672926045e-06	4.52284951764358e-06
16	0.012194245079823139	0.7340804671124732	0.03971849081488907	2.578956416708823e-05	0.15864624936907917	0.05529680488151984	2.3777616666861284e-06	3.5575416381852334e-05
17	0.08174408901746517	0.32518851577298774	0.025928144406485422	0.004367916339116685	0.36820754333082983	0.18393095165296172	2.638569973221459e-05	0.010606453780421205
18	0.00014863213704346292	0.6670317057682347	0.21270115640367518	1.1924260778420632e-05	0.12006733480466253	3.069602188273523e-05	4.176030590834592e-06	4.374573132148843e-06
19	0.02820704988447555	0.7835566466261823	0.18734634708963058	1.0483487296815857e-05	0.0004001544316450459	0.00047553220519606026	1.5452134680549654e-06	2.241062105539579e-06
20	0.050017939578731685	0.2947693113858354	0.04734518064575289	6.028748196168806e-06	0.3746449014471334	0.2332120033775878	2.0421954715904534e-06	2.5926212910838497e-06
21	0.025663051556437524	0.5525236234385718	0.04239404808365212	0.021681968357942755	0.3111741635215555	0.04655987022127127	1.7109548650841176e-06	1.5638657039640048e-06
22	0.008078831371431906	0.3909049967089437	0.013635697922536558	6.233337058455477e-06	0.11854931300329088	0.4624113656275381	1.1868125159348948e-06	0.006412375216684523
23	0.32596547205526827	0.36048475311734096	0.0337879979679494	2.1599099094478958e-05	0.27969771931017257	3.555470239016518e-05	1.7935629870138108e-06	5.11018479713504e-06
24	0.20672320102169453	0.736168287578008	0.013800948603931239	1.7722332919395516e-05	0.043243872302460275	4.150207812040319e-05	1.5773892959806324e-06	2.8886935701291337e-06
25	0.07194800566782265	0.4211827703633357	0.041485501430578615	3.106943195122866e-06	0.2837700740009946	0.06176133709310552	1.3923411568019458e-06	0.11984781215981105
26	0.07565167935139214	0.38095596042990093	0.014229729011805444	0.27381329622480516	0.22428060595012492	0.031063512416894	1.530907485645025e-06	3.685707591763204e-06
27	0.15910886859677378	0.4709880758979351	0.06944745820119724	0.010660536447609264	0.17801847568165147	0.11176774007109326	3.3515079066222746e-06	5.493595833219531e-06
28	0.0001486563362196425	0.8137111505221175	0.18271900025496748	1.0764061361582506e-05	0.00010858262163999993	0.003296128534439592	2.309147031445173e-06	3.408522222765136e-06
29	7.075342530847785e-05	0.1039625807122246	1.3983491066877112e-05	0.007004733989167137	0.8373960715539508	0.027553075531078962	2.3322514715617873e-06	0.023996469045731637
30	0.08353934909410789	0.12124666724661437	0.009148024433060812	0.18220654400178607	0.5835124907519705	0.020337907821839606	4.115430593766087e-06	4.901220026969825e-06
31	0.566910690702098	0.2169141874383001	3.0990708424792366e-05	4.393904849789567e-06	0.04451808973037282	0.1540469973325527	1.6407935492636456e-06	0.01757300938985261
32	0.17899032257552705	0.4806552736600869	0.014519438577663761	0.06384449561545383	0.19121064014582467	0.06161010531822938	0.009163389803976156	6.3343032382558604e-06
33	0.08609516098761123	0.7025603499164018	0.01396528836169344	0.03996593527445006	0.14928306741290226	0.008126014357040853	1.2798864465352818e-06	2.903803453799208e-06
34	4.8989106880704294e-05	0.5143419315089169	0.049625680493054596	5.614520615429534e-06	0.0009719966740193963	0.43499916808096567	2.390077932530953e-06	4.229537614782057e-06
35	0.013076438115720384	0.5599640524125554	0.076165080438962	9.08805173642763e-06	0.2965187425000492	0.041384538742671444	1.2671341931707792e-06	0.012880792604111888
36	0.08314541556626272	0.6103020235544037	0.029814791561414696	1.0137241813660922e-05	0.20237791990347895	0.07434373301076845	3.5191291773339455e-06	2.460032680486282e-06
37	0.08127455672039807	0.7867257704474431	0.03841997266399472	0.029569771221420946	0.06324311552868814	0.0007603912876771513	2.3642204527465594e-06	4.05790992513168e-06
38	0.6201750141086294	0.14049839363383965	3.7944248857427213e-05	0.03928735559564006	0.1937309019657161	0.0062660997072188805	1.8696874747441705e-06	2.4210526237837767e-06
39	0.9994119205064356	0.0005209399386577606	8.70979741008766e-06	2.9403986450936784e-06	3.880700006874571e-05	1.3620328149800107e-05	1.342179882198551e-06	1.7198507507069937e-06
40	4.5697383617012085e-05	0.844187863765049	0.15274025768616656	4.2465646627714506e-06	7.666833286018533e-05	0.0029361355775837177	1.261817750383866e-06	7.868872310410032e-06
41	0.03632048697397757	0.4847270553500416	0.01117975759853803	6.851516187535233e-06	0.3731624535231731	0.09459809270747815	1.7320274841915096e-06	3.570303119794931e-06
42	0.014771054624157438	0.04703500537545029	1.2168354694507227e-05	0.025978826045602817	0.9114993786314622	0.0006965501406079363	2.1720658224260244e-06	4.8447622022938015e-06
43	0.14501475521851803	0.5008817600170818	0.022236478578619493	0.005173317074324077	0.12742140589499207	0.176999865381817	0.02226904470725051	3.3731273970288285e-06
44	0.15178369390621008	0.8390397052312492	0.008553280680905988	1.2270478861656348e-05	0.00020655476912506687	0.0003969252157884531	1.9476198051071547e-06	5.622098054504794e-06
45	0.0799518776892788	0.7041517752234029	0.11674334072456254	9.325781934187497e-06	0.08260642979924973	0.005523089380032896	1.466068774497804e-06	0.011012695332764425
46	0.19676249980577973	0.5946425483867042	0.03838073749870422	0.04191117493426145	0.12826199367628832	3.4289741138861535e-05	2.833466329865518e-06	3.9224907933667425e-06
47	7.995873039145142e-05	0.6200311414051933	0.13222157897925715	7.221524046376173e-06	0.017299801928252413	0.23035515540730475	1.4882726744077964e-06	3.653752880081247e-06
48	0.036411373795480574	0.11093391199098813	0.009461839644618735	2.0178242472012228e-05	0.843106009470764	6.337407987234682e-05	1.2088645518129499e-06	2.1039112524015864e-06
49	0.7109760452567313	0.12417783133472854	1.975754206433616e-05	0.00013137581789708186	0.16455340735732468	0.0001387648831230254	1.0270879534466524e-06	1.7907201776215755e-06
50	0.03449976135895378	0.8558145190733308	0.026561656942060252	8.345525377699531e-06	0.03680859981406155	0.04555725850309265	1.3953053644084685e-06	0.000748463477758797
51	0.11794304677926945	0.7228095222069266	0.018910613523809114	0.01134260532813266	0.08523816081587796	0.04374795097467575	2.012688954697206e-06	6.087682353712283e-06
52	3.316903968519549e-05	0.8181853528582393	0.18169679286180945	4.015842404876618e-06	5.4610150704353586e-05	2.072542961780711e-05	1.3818304918209583e-06	3.951987047141165e-06
53	0.11724149807812516	0.3298925339426182	0.01817491640683709	0.30193040071114974	0.18444479971888586	0.04831304105966067	9.850557213209e-07	1.8250270019481453e-06
54	5.19592049263815e-05	0.8885271976705303	4.453677719431162e-05	4.93609809153655e-06	0.002398507250447727	0.10896953278162647	1.8857333104489481e-06	1.4444838727636636e-06
55	0.0541807127591308	0.08465261382760719	1.3184156410714168e-05	5.361058759138977e-05	0.860480757817236	0.0006139857827840178	3.157111360021667e-06	1.977957879881311e-06
56	2.5021935600582525e-05	0.0004609640828497347	4.237365482468339e-06	1.4036052831434202e-05	0.9994803020633566	1.2152738030464352e-05	1.005896515490777e-06	2.279865333218932e-06
57	0.01750278613039353	0.8346495035874489	0.008091986520380231	9.138642266088915e-06	0.005864464844162214	0.13230657196814782	1.7173871032329376e-06	0.0015738309200979987
58	0.2602698611736369	0.7093659641047265	0.030184078213861827	8.658620906898246e-06	0.00012622868691502737	3.846686736197576e-05	2.3224762799023207e-06	4.419856310988716e-06
59	0.21721653820485926	0.29821802653629476	0.03159511029129557	0.009658328827934645	0.2182035775927476	0.1638473673894308	0.05825414633750593	0.0030069048199314165
60	0.02959513014205492	0.8055495535884738	0.00016149186409017657	0.0021341111357592512	0.11209130202867226	0.050462872154092724	1.0942022140314408e-06	4.444884642822876e-06
61	0.09823372136096546	0.2548062156890503	2.2098003224616284e-05	0.03057327466023688	0.5788102288300453	0.020322626146339347	1.3516544867621437e-06	0.017230483655651305
62	0.12570671407966033	0.3405268023947848	0.008772551009971834	1.6913614822403443e-05	0.5249443881956923	2.8971273147394152e-05	1.2297099003301059e-06	2.4297220206684242e-06
63	0.007313652294051814	0.12993089639462188	1.517060969557408e-05	1.1274717711184352e-05	0.8415855375953181	0.006252210484665845	1.3099696254572148e-06	0.014889947934310213
64	0.7724775484004901	0.03962461209336442	0.0026257502680656474	1.7507511544279406e-05	0.04577405485452332	0.027915363975272847	0.11156233675331936	2.826143420041894e-06
65	0.3093941049105767	0.5451049493578463	0.012269236830839567	4.075325318516624e-05	0.09735814095900264	0.035828151576032384	2.003864744873579e-06	2.6592477724026227e-06
66	0.17328741191821978	0.3674035900373067	0.00030899972061623277	0.0192820809277777	0.41122729373727884	0.015449676571344861	0.013039601775382301	1.3453120735336908e-06
67	0.0012423604982654145	0.8793125454672124	0.053264950767610494	0.00880351014680386	0.05734086387743667	3.059637508470687e-05	2.0464548168888563e-06	3.1264127695658713e-06
68	7.244262935540561e-05	0.8343344721313778	0.0579828765879688	1.056327699499086e-05	0.09958824067354359	4.452560936310243e-05	1.93674208137753e-06	0.007964942349314963
69	0.03637375626547114	0.7244522887991958	0.014634163701697126	0.021073716861170582	0.2034104007617444	5.169554252988034e-05	1.5688388683029836e-06	2.409229322817935e-06
70	0.15175540887335898	0.11660424741162055	0.008924582089495113	0.4208593036101737	0.28980336679388125	0.009840777706307535	0.0022065315080609287	5.782007101898562e-06
71	0.004147227879278138	0.5440017959324623	0.013134613042965428	8.359497719190402e-06	0.34015295235803955	0.09854380609879895	1.884191224011067e-06	9.360999512335081e-06
72	2.538837529441646e-05	0.019503159899045185	4.449141468742839e-06	5.546677100809557e-06	0.9754112819845208	1.8299503027566777e-05	1.7114282737714456e-06	0.005030162991268764
73	0.411080781570094	0.32150746011941506	0.04360209373522962	0.01307584783178311	0.059959487973246274	0.07762042868130692	0.07315099998434457	2.900104580470522e-06
74	0.1831714689862871	0.298511974272304	0.029313743555054197	0.002360228288065901	0.2733622476932707	0.034203041318028524	0.17907344050455556	3.855382433925245e-06
75	0.061387323553944675	0.48061098543525194	0.021286722240953886	0.009407085959661776	0.4182655258244738	0.00903685735738475	2.3750236834952235e-06	3.124604645693508e-06
76	0.06007246612457469	0.5080294954828141	5.271242548560991e-05	2.428459168559642e-05	0.1613978494912578	0.27041868708376654	1.7145419176971875e-06	2.790258498030254e-06
77	4.605898886189941e-05	0.0006577086996356141	9.359123301298382e-06	3.28096456433378e-05	0.9992109859674152	3.956842514170158e-05	2.4409246601158295e-06	1.068225340790886e-06
78	0.018019407271576676	0.6764876819382999	0.15588680049441603	1.0527418022506758e-05	0.11628947117255578	0.01432829282675296	1.7425451898051838e-06	0.018976076333186303
79	0.9994505042222098	0.00045374078198643345	1.4945031676958464e-05	4.66121037823694e-06	5.3810259864120546e-05	1.875096242565332e-05	1.7590262005748226e-06	1.8285052582118058e-06
80	0.2143881855841574	0.6799602019692826	0.025327762202784765	1.3067627783375566e-05	0.00020231293594805922	0.08010391416481114	2.3012867316719696e-06	2.254228500986558e-06
81	3.9678575520112404e-05	0.20987577332282215	0.033967223352208906	3.6817758070512574e-06	7.022061209693838e-05	0.7560390042559861	1.21900189654839e-06	3.19910366218442e-06
82	0.04700369421820827	0.8797141357953512	6.590357331717196e-05	1.3667760292507599e-05	0.07315516870104753	4.022803367699789e-05	2.259269823698841e-06	4.942648282605397e-06
83	0.15164887122556706	0.06740060903979679	1.4930522696402495e-05	0.05594082872139927	0.7154827768066789	0.009474134027706782	3.489875652368428e-05	2.950899631052447e-06
84	3.2920361068797226e-05	0.1907783262344967	0.11654300468771922	3.5081355556426768e-06	7.327553857813584e-05	0.692562686168246	1.613568639941541e-06	4.665305695571765e-06
85	0.00011871349247183282	0.5939699283889887	0.026537396147442844	1.1443194975891969e-05	0.3793258467499966	3.176190647058701e-05	1.842807462548754e-06	3.0673121910470367e-06
86	7.978859988947147e-05	0.6737878982995952	0.32600205452554004	6.596653172779031e-06	8.96117199066814e-05	2.822583338283334e-05	1.585201856136627e-06	4.239166656842809e-06
87	0.29479107465871174	0.5641880772060928	0.025590303365933986	0.04662588932479459	0.053022182364527756	0.004786012736122928	0.010993714994619735	2.7453491965324605e-06
88	0.00797626721519275	0.6909463255141048	0.07160199373600273	6.323600154176132e-06	0.024280170896872188	0.20518257595473707	1.6018560263939724e-06	4.741226909809833e-06
89	0.012907124232303243	0.7982255576074013	0.18758832469849	1.0240584018070624e-05	0.00015121513513307612	0.0011093571261259483	4.2831455431151036e-06	3.897470985277813e-06
90	0.39117870312769104	0.4470611876694745	0.021474626388186934	1.0129979061935636e-05	0.09812286375927894	0.04070702588385853	1.3169809753257148e-06	0.001444146211472765
91	0.12467383198189808	0.5608522127330497	0.05272619960841994	1.640130517576592e-05	0.2616794596384589	4.45362248215e-05	1.5775573241835316e-06	5.780950851871126e-06
92	0.20417560262022066	0.3259442776783218	0.011479646102686366	1.1993604304000151e-05	0.24126044782609926	0.21712372735849816	1.8870967145786246e-06	2.4177131551582394e-06
93	0.06490834140763412	0.7133113042378065	0.07528250992549146	0.018125618430330746	0.1283227404078322	4.515299579846709e-05	1.898281293085665e-06	2.4343138134385866e-06
94	0.07938907955138719	0.727009903709046	0.04001744475446123	0.020346838589684463	0.11910960738410634	0.01411934989005055	2.117631288777858e-06	5.658489975555581e-06
95	0.027107983022157826	0.6634948293742057	0.043091072289454586	0.018128212775766935	0.2346412139179717	0.013531130881829903	1.984782332573515e-06	3.5729562808063607e-06
96	0.08179459082603863	0.49654806848268745	0.08269462856776696	0.016228845048621873	0.04902202971883252	0.27370325837667314	1.766616417279517e-06	6.812362962135323e-06
97	0.05554559317229585	0.7946842714695215	0.09154126635140072	1.2604347024878861e-05	0.03701801384643303	0.021194308495402468	1.6964847273574974e-06	2.245833194175867e-06
98	0.0864348280083615	0.40920849052361025	0.004026134247305874	0.009157196055777705	0.31109008402743654	0.1676443882907981	2.4368829444456713e-06	0.01243644196376555
99	0.5252541547566392	0.22090452523183499	9.938764345250877e-05	0.10959024574726263	0.14408681661762734	5.9955337866529504e-05	1.6027097256898882e-06	3.3119555911666916e-06
100	4.417131193855636e-05	0.1870614472338197	4.732402317267215e-05	4.092782352235218e-06	0.015350588775734725	0.7878218096846984	1.6494694508999907e-06	0.00966891671883276
101	0.6222109943841407	0.27685983061493463	1.720388085305683e-05	4.8184933899100795e-06	0.06653098226331984	0.021177155354734592	2.0368034832786067e-06	0.013196978205143985
102	0.9994298106045902	0.00050332581479598	7.1009975941963505e-06	4.048647066770875e-06	3.6419292726511526e-05	1.3352354591297172e-05	9.308959693346865e-07	5.011392665700476e-06
103	0.3391153071158143	0.19757865753784257	0.015027941254757737	0.022946874755651516	0.31032292958670166	0.07753298803637389	2.0644582402262285e-06	0.03747323725461814
104	0.11899126591251513	0.2892043921698749	0.0003116889793895334	0.010903191596462086	0.4417470329985478	0.13883403603557676	3.549091877478097e-06	4.843215756328624e-06
105	0.2659189307983137	0.5960817802235028	0.06151211504999198	3.7367540297400736e-05	0.0763904165015935	5.367478160270371e-05	3.037635146976579e-06	2.6774695510238414e-06
106	5.774359123292848e-05	0.07227423800561292	1.3375261444251353e-05	1.2506396425626673e-05	0.9276171840959713	2.0832334825504822e-05	1.3598288458968095e-06	2.7604856416403124e-06
107	0.05394173620054561	0.7115386972984986	0.01834025971842707	0.02439289852235273	0.19170578690366144	7.179443996072077e-05	1.5103040407041675e-06	7.316612513063487e-06
108	0.09071495017429491	0.6458634401468376	0.04183393957206639	0.026559794714858535	0.1430413272264685	0.05197998954674559	2.2617038999598977e-06	4.296914828508628e-06
109	0.38542381761709993	0.4064986785354781	0.09956222764461602	2.0971361544219035e-05	0.10845759037245926	3.172250625297282e-05	1.5298965517476656e-06	3.4620659977162067e-06
110	0.1806377838386293	0.59820420028285	0.0017701356380766286	0.02858335820108176	0.18701283403084243	0.0037861394133494046	1.2986201811658158e-06	4.2499749893079886e-06
111	0.09759364030721329	0.22988048802168973	0.04896524664921622	0.013378145927177188	0.4419292823662213	0.1682494403383592	1.8336871639459262e-06	1.922702959097684e-06
112	0.04513786769696986	0.5718618958051932	0.00500028350055494	0.03653094140560394	0.26556350295489045	0.049802032932671596	1.9909562213435383e-06	0.026101484747894595
113	0.15992560748556522	0.41529599579094667	0.02107356693679702	0.0017069692664829338	0.11187193326590335	0.20624638382958063	0.08387781467540484	1.7287493192998246e-06
114	0.03768305089395496	0.38860999767617266	0.022077054842503784	1.24485585258661e-05	0.22485482469203957	0.326757067127047	1.8629075339525628e-06	3.693302222179717e-06
115	0.07221175953400627	0.5944870182808168	0.007826475247480034	0.0021448621810564892	0.14849074418833566	0.17483545990637614	1.535529919712919e-06	2.1451320088816085e-06
116	0.00010318403969832169	0.8925708443084255	0.10717008753996562	9.228249612164128e-06	0.00010195501442376445	3.9732503918140666e-05	1.6586475344583894e-06	3.3096964220766516e-06
117	7.59021163150993e-05	0.4076665452732048	0.038558835108853544	6.214317897591092e-06	0.24569049415199676	0.2944603463361757	2.080102051357981e-06	0.013539582593505212
118	0.00011527322443540946	0.8993311939970482	0.10022950464604716	7.238088961426751e-06	0.00012751735982000184	0.00018397177296118088	1.70094877531296e-06	3.5999619513492914e-06
119	0.08377805692190789	0.5579871379418521	0.05217763583041969	0.08038326523577805	0.1593203661290149	0.050407785125222725	8.762226865140039e-07	0.01594487659311813
120	0.3021403319847103	0.4051903081814688	0.03920589949292552	1.185902089652447e-05	0.0636337247403868	0.18981094312937596	4.946662585890032e-06	1.9867876502817702e-06
121	0.16119806164038927	0.5707296248600311	0.04386405929977052	1.121985077858379e-05	0.015708410494233844	0.20848418721346224	2.0552696756739852e-06	2.381371658769395e-06
122	0.14221587942359878	0.3989790610099143	0.02018792746912729	4.7341770419194904e-05	0.2950767380356456	0.1303624696753428	4.189641520054112e-06	0.013126392974431949
123	0.10994756249766685	0.4775842685851278	0.022132787194574757	0.08798062593385059	0.2779138288029992	0.024435138756550477	2.1074083751726337e-06	3.6808208551475522e-06
124	0.02184473238082982	0.3897234901282303	0.009019626795688391	1.5170267139949239e-05	0.49722171786330027	0.08216979807710277	1.3829005594283917e-06	4.0815871490623305e-06
125	0.1206123760550417	0.6391912611273646	0.030690562027152788	0.005260157067107181	0.07911126422812483	0.12511616057599784	1.2981542311941305e-05	5.23737689910112e-06
126	0.02010879232152435	0.5016609141362446	0.027777681208555702	4.942960670846999e-06	0.11117240009067457	0.29481115007498965	1.219667256445285e-06	0.0444628995400838
127	0.02767290041327727	0.7787894203140909	0.18642330587722739	9.48269466592145e-06	0.0001455672634757118	0.00694561306512879	1.8537194200776118e-06	1.185665271393564e-05
128	0.3128394773058115	0.09886203491895766	0.042505879215751455	0.0002822016740393733	0.39406567271073883	0.05104284668180864	0.10040049525175804	1.3922411344792067e-06
129	0.14946890333825485	0.7000273339615188	0.09793568901915539	8.378331374543513e-06	0.0001286528741833669	0.05242491486333349	4.03905805159771e-06	2.0885541278930725e-06
130	0.10947168073913525	0.5531474797453516	0.042035591011016164	0.06226592126190677	0.2325300130500857	0.0005427191506446644	1.8161903018522798e-06	4.77885155797479e-06
131	0.04850310487674486	0.9044662091474501	0.0002854060670197499	0.013491059849694937	0.03318790472173371	6.22829805886588e-05	1.9261454568966214e-06	2.1062113110401696e-06
132	0.004085086041502779	0.6338587471376381	0.01291119873597304	0.018078480974475602	0.29455473282065453	0.020857620250594875	1.4183213786677096e-06	0.015652715717782435
133	0.08129320002478845	0.33091582819098425	0.0437815800040647	0.008034630133002395	0.10727884680391482	0.4286891774342134	2.031060793728185e-06	4.706348238246676e-06
134	0.10519143827574973	0.30201632575860055	0.004696069259557432	1.4395882651256723e-05	0.4067221882596447	0.11234645559562054	1.9323321584211953e-06	0.06901119463601742
135	3.8197179050776715e-05	0.4115497473953205	0.10665395536900234	3.927111246595325e-06	5.9408540337038965e-05	0.48168917997238436	1.673573326222168e-06	3.910859332149286e-06
136	0.02007313890915938	0.8383991494157683	0.008565541497062477	2.0163573423350364e-05	0.13154395094154406	0.0013938231212106333	2.431199861429025e-06	1.8013419703343665e-06
137	0.19003830767169524	0.3790636559718833	0.007652784789952656	0.2676755940370054	0.15487128032125833	0.0006942510450581708	1.9519149469090892e-06	2.174248199968203e-06
138	0.11718211987842031	0.5161732759264659	0.03561799076759755	8.476227637570374e-06	0.025258873046150637	0.30575417956081885	1.2697716272915373e-06	3.814821281843571e-06
139	0.06592702310081501	0.847806128042691	0.002658285263412297	8.781705379592653e-06	0.00011423149381013663	0.08347895415007289	1.3616405211778013e-06	5.23460329788442e-06
140	6.841951511989866e-05	0.25914010119604414	0.025495180961968997	1.0728114099485585e-05	0.7125175842149265	0.002764938465644073	1.1978254684599783e-06	1.8497067284045858e-06
141	0.7450423318211045	0.17267380437724225	0.05147202331775481	0.011243642615254368	0.019536512220769957	2.6865897526913736e-05	2.2911838913634105e-06	2.528566455855339e-06
142	0.21599957696850622	0.35320151646103143	0.06501140368309154	1.9964921316160777e-05	0.07812624077978951	0.1618509250323233	0.1257864661856534	3.905968288457602e-06
143	0.01138260838370133	0.671102192259285	0.023795214036010603	8.037420180261876e-06	0.1054106351045925	0.1882932215773893	2.3828258963448904e-06	5.708392944664178e-06
144	0.1215009793708172	0.5773883417937089	0.02295549989560787	0.01305073358587082	0.11985371890370806	0.14524362656842965	2.6413694934601036e-06	4.458512364029292e-06
145	9.751643513635889e-05	0.6518006833795668	0.04633712996020153	5.831248363911399e-06	0.001057743279389825	0.3006970671716296	1.2716948340427236e-06	2.756830877955603e-06
146	5.360954864349734e-05	0.0005216651252270752	8.554412486234718e-06	8.523229620061907e-06	0.9516961350805017	2.657344586586001e-05	2.2258718990104646e-06	0.04768271328575657
147	0.27665610750862135	0.3898790822262626	0.018738790709687748	0.08092364091952087	0.18241425836296996	0.05137444163395255	1.1930388372401726e-05	1.7482506124902346e-06
148	0.298572480444685	0.13811702173613105	0.008299564570600671	0.01712646772387313	0.49359372772732013	0.03162760910307156	3.902963943422873e-06	0.012659225730375022
149	6.725442799414309e-05	0.451339600965653	0.051378499294385344	7.065962321173393e-06	0.10261631650210175	0.3844092093504622	1.4719862173381448e-06	0.010180581510865053
150	0.32778876832167025	0.6236918770390015	0.0350335307518559	2.4984606761615344e-05	0.013388956384943754	6.738333298280256e-05	1.8270337002993464e-06	2.6725290838655524e-06
151	0.20713824560731706	0.2607233168559099	0.014882038335121837	0.3184517033918804	0.17301637171357787	0.02578326893467612	1.2209174559026548e-06	3.834244060893907e-06
152	0.072062968130807	0.7162449568807978	0.028186720801209625	0.023073108105263838	0.1598595234697563	0.0005653579587149097	1.7380792977317201e-06	5.626574152800095e-06
153	0.18963183626391808	0.576620200081444	0.02323060858739299	0.055185249907647345	0.14811533043399852	0.007213003006423229	1.3379779950716508e-06	2.433741180757102e-06
154	8.025156519857781e-05	0.62700112489958	0.1324093719825376	6.710495539932483e-06	0.0001141576927182133	0.24038475133737303	1.5887573067539627e-06	2.043269745872735e-06
155	0.23454718379718853	0.627807502764578	0.05981462019071223	1.0865483069749829e-05	0.06343186303069674	0.00048372036211172286	1.9961756392582848e-06	0.013902248196003742
156	0.0011433616546683736	0.8822629774814942	0.11638237888288881	1.0879362850767852e-05	0.00015019254226836885	4.5490682154436385e-05	2.3447024243825634e-06	2.374691250726864e-06
157	0.09620302209026517	0.6776518114071516	0.03731517561176295	1.3655299258829967e-05	0.18861555114668171	0.00019577586050119488	2.1629153641030516e-06	2.8456690144199727e-06
158	0.09376563715753669	0.132798534936398	0.009909926108929138	1.3830957001782312e-05	0.6851966340513225	0.07311275182892496	0.004347381798318285	0.000855303161568716
159	0.13155528013370738	0.6157438812298172	0.03788478078566037	4.534822030072639e-05	0.1768124136145798	0.01564615258818346	1.308971979369776e-06	0.022310834455771693
160	0.08969735573597055	0.13039959750580452	1.715553120300863e-05	0.017025452888702462	0.6963936886693057	0.03432027172254079	1.2941996784054545e-06	0.032145183746794516
161	0.2326942987175344	0.352194477885017	0.04672723986995159	0.004456511526389496	0.18860138506593854	0.10049030907018067	0.07483411910672787	1.6587582604293e-06
162	0.018746258198854754	0.7811504311692725	0.1665605926401684	6.372236801292292e-06	9.1645103891428e-05	0.03342891169083303	1.454067156685375e-06	1.4334893021938929e-05
163	0.2216630732127026	0.5129899806583232	0.00010351490376104389	0.06882018811743033	0.1958594587040973	0.0005568863338348167	1.9727570812410288e-06	4.925312769484061e-06
164	0.05206199501669819	0.7039038524729664	0.15126046614587232	1.1766539006288867e-05	0.047532319771076484	0.0452249352842373	1.826495192818365e-06	2.8382749502010322e-06
165	0.009259011393158687	0.2304031341921087	0.03182449895637668	0.027003691379076777	0.4134881710096287	0.26030376904244346	2.059060317787777e-06	0.02771566496688925
166	0.044149940333370184	0.7410247780597138	0.14996241932644233	7.383018055937916e-06	0.014729170071227928	0.031156047066921096	1.4405502449315441e-06	0.018968821574023853
167	0.0067625170345601985	0.8814112035819489	0.005989556161265673	1.1603379544199636e-05	0.07382595127603514	0.03198987767652103	1.4348981906764814e-06	7.85599193420193e-06
168	0.2473290205281761	0.2540357124477323	0.0029237044006555283	9.584163398477252e-05	0.30689335550035945	0.07521975076779219	0.11177785285466091	0.0017247618666387347
169	0.24655663078017942	0.7261483977803219	0.02659038747942991	8.404011428251648e-06	0.000127617127218711	0.0005637123230099448	1.6703616284968863e-06	3.1801367833575487e-06
170	5.8585466358232416e-05	0.8058706069383096	0.19393778271456888	5.744230103042212e-06	9.614807225138212e-05	2.426509451173748e-05	4.468608192625422e-06	2.3988757045559615e-06
171	0.000774194014586208	0.978019901436222	0.009222625007785028	7.392889782561538e-06	0.0001458972427557063	0.01181573030048	1.5411346047028636e-06	1.2717973783805404e-05
172	0.04312844028017336	0.943307649225842	8.671096802876347e-05	6.666075905804849e-06	0.00014043548679765937	0.013318585740742078	3.616167779927072e-06	7.896054730444742e-06
173	0.21478544846146816	0.6530318039933549	0.05605792086911308	4.4295385892632866e-05	0.07604284987372688	3.364138414125672e-05	1.99159617099081e-06	2.0484361320689933e-06
174	0.32467563258427007	0.29326596335584065	0.03905664691504865	0.055030613171563866	0.16481672573287576	0.033577296257679586	0.08957340996039997	3.7120223214208608e-06
175	0.09211342313687691	0.30921029829062424	0.0009594053255991614	0.16705290966332434	0.4169015058444737	0.013758261017111126	1.3643173008069211e-06	2.8324046896533328e-06
176	0.03644667476406926	0.7593058759150182	0.014321840090365768	1.0023744625020954e-05	0.18981312073733625	9.739246158341485e-05	1.5876553550404894e-06	3.4846316471138795e-06
177	0.08699057812146133	0.4216239556803892	0.008424117043432638	2.6946455252624487e-05	0.31441826070276074	0.16851198077710264	1.6659727839418118e-06	2.4952468168874075e-06
178	5.82552915629322e-05	0.7492178934461057	0.18051327590162194	5.733373939372367e-06	7.536928430196248e-05	0.07012382525199365	1.611547856962868e-06	4.0359026174444435e-06
179	0.8015564399352363	0.12579689809301003	3.490846814374871e-05	1.0209020175727876e-05	0.07256726219165609	2.859688360095091e-05	1.1913661851113107e-06	4.494041992069282e-06
180	0.21228359152501866	0.3170841541665293	0.008116374531604796	0.06847902123602154	0.0712375821889675	0.20227404639617433	0.12052266852234493	2.5614333389545805e-06
181	0.03642655660780985	0.47667402856755625	0.015366909175595607	7.66584781421929e-06	0.08548215782440613	0.3860388691057319	1.4242561808033766e-06	2.38861490524203e-06
182	0.27849424244635523	0.5498609607037541	0.05781885584299746	0.021260741527376555	0.09252013491128663	3.8681750807852675e-05	1.252642202417222e-06	5.130175219677019e-06
183	0.1509734318208474	0.5370775849636494	0.04847319215331168	0.027893253600419266	0.20573636221494818	0.019281657868320146	1.587854601041533e-06	0.010562929523902812
184	0.1420285538777066	0.4116693953381712	0.03879135935950765	0.021222736798508304	0.3143580400341376	0.05416641457126162	5.796857177821091e-06	0.017757703163529228
185	0.4349212915571626	0.23334608931836046	0.009338671303928686	1.6982689954930402e-05	0.11028651324134597	0.05718001012737189	0.15490830336570882	2.138396166628299e-06
186	0.006658316971348708	0.9714093928995781	0.003731408074178906	6.2449999412730614e-06	0.00010174494001302286	0.018088034863822912	1.9912530470041995e-06	2.865998070116558e-06
187	8.680303633919899e-05	0.9269651776886128	0.06616909855576596	6.813141217302852e-06	0.00026622251519945687	0.006499118199764527	2.0184884778438136e-06	4.748374622981983e-06
188	0.11334934066548825	0.11163560602474948	1.6423878884651378e-05	0.02977432792946073	0.6991689548588775	0.04605271488452856	1.5090757488986808e-06	1.12268226193266e-06
189	0.1022025240063664	0.5891708270160121	0.015443739992595044	0.018536816551655275	0.1114349034654364	0.16320489716822886	2.3103302401834387e-06	3.981469465727522e-06
190	0.30367245527650927	0.578666899323131	0.00016906649105893537	3.842360887217504e-05	0.11161401360926154	0.005835885668601753	1.5903345129142178e-06	1.665688052462328e-06
191	9.859209382673572e-05	0.6432035591484522	0.014543243027458824	8.096864627079442e-06	0.2542666926195541	0.07150570355554148	2.017473205571429e-06	0.016372095217334078
192	0.9991717094553197	0.0006987548547770911	2.8892750512770645e-05	4.7657676528304634e-06	6.72458690295247e-05	2.4355735963897033e-05	1.9726671028610103e-06	2.302899641259117e-06
193	0.10902877189995745	0.782464229968545	0.08800923189463604	1.5894230417887848e-05	0.00021441378017788353	0.020262233822653186	2.1431250466756704e-06	3.0812785658141063e-06
194	0.00591502783807742	0.9529858335837754	0.013201142401953891	6.3605252951539765e-06	0.012479589821146948	0.005227085723425569	1.2383120198672539e-06	0.010183721794305713
195	0.18039546062002262	0.6621798352192246	0.07830212297205681	2.6413650718538812e-05	0.06037932540808569	0.01870996165617001	3.933542405122783e-06	2.946931316578576e-06
196	0.0915395579138272	0.6530061315441215	0.004622704760069329	0.009882502625162737	0.159959687475135	0.08098429692970802	2.186953780771665e-06	2.93179819550379e-06
197	0.13749288941261573	0.5453561639106498	0.019183400669634653	0.00013869534216409164	0.1516664517799275	0.14615555878101072	4.53603397553749e-06	2.3040700220277403e-06
198	0.22872504319367132	0.49781805967607007	0.0027791672225831923	9.267698827845663e-06	0.2600221890381874	0.010641651608828162	1.376787256316876e-06	3.244774575693844e-06
199	0.17309278733910263	0.671368913607824	0.018011383269625914	0.031526192101785006	0.1059085664360769	8.813999602563627e-05	1.4537119074755138e-06	2.5635376523577493e-06
200	0.030036883031445572	0.062326109271260345	5.8463262576179886e-06	7.309837328716853e-06	0.9076072922712288	1.2592302339929175e-05	1.5721216485830167e-06	2.394838490397947e-06
201	0.25417834613452883	0.25311314839981164	0.005997887580657914	3.099403039792184e-05	0.48663586408742804	3.766921487458793e-05	2.4732632479175568e-06	3.617289053124758e-06
202	0.16197948546623664	0.385662501386863	0.007723079812338963	1.456772559394589e-05	0.3814701397228075	0.06314647193455812	1.2585829364613622e-06	2.4953686653715777e-06
203	0.20603531131497485	0.5297907890957391	0.007776265729136147	2.046139525085716e-05	0.14797728509244298	0.10236714683266371	2.064626018231503e-06	0.0060306759137741485
204	0.02919553209691585	0.06376249948266388	0.0017388673640883908	0.07963447961104643	0.8256303343535222	3.549185928340105e-05	1.5515657227058978e-06	1.2436667571611064e-06
205	6.758396643121794e-05	0.6497934867692342	0.02953204385059659	6.694727531870877e-06	0.028494822967579006	0.2921006590522681	1.4321506609349035e-06	3.2765156981068836e-06
206	0.0007266580859070038	0.694694689601794	0.08767137225291136	1.87357072003279e-05	0.2168262649600896	5.494842105293728e-05	1.920184345762222e-06	5.410786698950487e-06
207	0.05416746790458995	0.8556063172520115	0.009827783571188905	1.3159333534080257e-05	0.024634000139828395	0.055747605373640534	1.8017025771784952e-06	1.8647226294684212e-06
208	0.013452836027518096	0.719553387261287	0.05394314647664546	7.5499609166207776e-06	0.060505852601795376	0.14493769577284712	2.6648488804067013e-06	0.007596867050109859
209	0.19802238124940574	0.13436267350216383	0.05956728117475751	0.011115200624340892	0.4105241688302159	0.10552494287314322	0.07359425497854657	0.0072890967674263
210	4.785691402814485e-05	0.721383471881942	0.017692124991755275	5.250801390510207e-06	6.299906013527149e-05	0.26080410425316014	1.2759257584044673e-06	2.9161718303186866e-06
211	6.813107195471397e-05	0.7963929986238435	0.2033838916400994	7.1336815923917054e-06	0.00011083470396042846	3.282035296641216e-05	2.312926766239378e-06	1.8769988169401032e-06
212	0.020303894658468533	0.2623880257221569	0.05403244076252078	4.334658249504926e-06	0.050208199346795684	0.6128180410629098	1.9554559605300174e-06	0.00024310833293826703
213	0.01032903111920979	0.83168252621025	0.1577989441755971	1.0308962134253614e-05	0.0001235269790158914	4.857101099033501e-05	4.346713439392476e-06	2.7448293632571133e-06
214	0.13126304360529362	0.7890700153720493	0.049244554074425094	1.3963726604849656e-05	0.019845538249827828	0.010546072754395737	1.5455458042957286e-05	1.3567593605926086e-06
215	0.03064286777739113	0.39938727944803804	0.1355095387522261	1.1579595158623905e-05	0.0738458625369374	0.3605966244384888	2.0473973658117203e-06	4.200054394117473e-06
216	0.09511176952478954	0.7630630964447196	0.00016714419677698716	3.299062256465053e-05	0.14148076981886706	0.0001391610057327163	1.4905608489618792e-06	3.5778257005124426e-06
217	0.20114562276056158	0.06579741916783256	0.009494716145836914	2.779626073567765e-05	0.7228744159778947	0.000654684062676698	3.3366401087951502e-06	2.008984353128932e-06
218	0.010859527712073973	0.8432346178436063	0.033492732084520534	8.836562161731086e-06	0.04151389119443649	0.07088370920789226	3.0012120333507365e-06	3.6841832752936314e-06
219	0.0012182301662328372	0.6706522419847438	0.06974521936004292	9.481232009847481e-05	0.2258803449324595	0.0321960412328719	2.498797725726405e-06	0.00021061120582477604
220	0.05668407855206365	0.568582164926952	0.18571883499669153	4.163757594425411e-06	0.09717195847989867	0.017423605591776928	2.0138467853676554e-06	0.07441317984823738
221	0.6235351229387657	0.23218608672562804	3.3914971317561824e-05	0.020989529314253307	0.1131861222573934	0.0004107054230087268	0.009654526021133298	3.992348499968273e-06
222	6.504759424809381e-05	0.8809101270998918	0.043093172475367925	6.860494168711712e-06	0.00011801849829865861	0.07533724018421484	1.6037679237324895e-06	0.000467929885886253
223	0.33106957570047024	0.4902799512327339	0.04001793906097434	1.6474230457757653e-05	0.04522672529055837	0.09338324859354515	1.6481564828543543e-06	4.4377347774294535e-06
224	0.1161347240601499	0.6680130694778766	0.056570145388404436	0.02631917434094037	0.059921187736180784	0.07303586168050305	2.1462773600456116e-06	3.691038584754051e-06
225	0.021633315442465648	0.771255096557105	0.08322133667704738	6.975513582353103e-06	9.785719378364992e-05	0.123780228614471	1.7949962682970167e-06	3.395005276709639e-06
226	0.049093401082745285	0.2831681411699565	0.022506765603117315	0.34839829382692145	0.28543806482098866	0.011387371410313664	2.4705385233100814e-06	5.491547433844271e-06
227	0.12395898694462222	0.2801675477607613	0.007956082121817048	0.13273982846736912	0.4326488119221851	0.022518900150290542	6.394245277525284e-06	3.448387677144555e-06
228	0.03333054968222115	0.8761647069485706	0.08873111200215819	1.2507794828549898e-05	0.0017183855261130264	3.9002665688354514e-05	2.1327461495273343e-06	1.6026342705385032e-06
229	0.14405170440635254	0.4291118154172124	0.05549346441012867	0.015015209632804534	0.23621549042284315	0.06672609490243557	0.047180315902665464	0.006205904905557705
230	0.3186939969227856	0.6603668231105385	0.020702515611973303	1.1941886337386659e-05	0.00017782469737507558	3.826327900204881e-05	1.7657893309147206e-06	6.8687026571401515e-06
231	0.023960431132058417	0.6867179098963893	0.08283373809840736	0.00865416147081889	0.19776686934669296	6.254222597812688e-05	1.5333683831844903e-06	2.814461271753804e-06
232	0.14349951220536214	0.3815115365809878	0.01619866392416308	0.21221799482525583	0.2458496566350868	0.0007190762423583117	1.1211598365441987e-06	2.438426949488288e-06
