	b cell	cd4-positive, alpha-beta t cell	cd8-positive, alpha-beta t cell	conventional dendritic cell	monocyte	natural killer cell	plasmacytoid dendritic cell	platelet
0	0.202771666335446	0.3480059692955597	0.3394014524170771	0.06446595706282697	0.03993486618209371	0.0026255886269639533	0.001818816807805935	0.0009756832722265486
1	0.24850638171652067	0.010352003979399465	0.01000501103359418	0.17255344526034758	0.028105769867218588	0.007160792010780272	0.4226515067523033	0.10066508937983586
2	0.09404831170530757	0.24787658483557445	0.4760757244293537	0.00572985859858414	0.016509988486740977	0.009439937398049731	0.001426727612383114	0.14889286693400636
3	0.004873679072941245	0.0891304635299883	0.05098074030636417	0.08953501072901349	0.7412492508636083	0.00177963311783193	0.0015900262503097343	0.02086119612994288
4	0.19863315868569528	0.06206130089027829	0.050911106974445716	0.548432076739358	0.0143257289008217	0.0010884597828330833	0.12364102186651024	0.000907146160057746
5	0.001221625591464487	0.409148523683386	0.26657711072385826	0.0013027891354056252	0.03866043796655866	0.28164538909786146	0.0005787324207168936	0.0008653913807485276
6	0.023149678168157158	0.04108078350821971	0.02494559032338492	0.07506964002955444	0.24753671238588443	0.029482899580742634	0.5571382610943426	0.0015964349097139442
7	0.0019622590296748967	0.24677790251274495	0.11262805761936824	0.004119035878272302	0.07001815518487127	0.3245700958510303	0.0007967711323231621	0.2391277227917149
8	0.011464788711432883	0.042367243971889325	0.035175799829324984	0.5716589065472922	0.035233679811634194	0.006060162513925655	0.29588445060344276	0.0021549680110579186
9	0.05250017445528156	0.04167806371577545	0.028638052133260344	0.3987867829497483	0.05868636154016747	0.010805652362532382	0.40739853733546694	0.001506375507767509
10	0.008713268129301323	0.2081203738252815	0.3202827335093658	0.014585100688593219	0.009890722836854998	0.10941960252892784	0.2735292284521868	0.05545897002948842
11	0.09056453759854054	0.06916184377793841	0.04544346256464136	0.009453897541337198	0.0007205554213431413	0.04978061848009245	0.7339119193010727	0.0009631653150342591
12	0.0036099366340685297	0.1928055250044559	0.1503136501591913	0.6215789772645737	0.020199387163266407	0.007467974639151575	0.0025955395623259397	0.0014290095729665234
13	0.001767308256672728	0.47135820044252147	0.2672065045551253	0.0032318747839313903	0.0007323995169015653	0.25303032939596953	0.001590431882102568	0.001082951166775449
14	0.0014380750192399666	0.06152028709872755	0.059865642709406475	0.008082189992497251	0.46640621878828414	0.13047948754743244	0.0007854151081483472	0.2714226837362637
15	0.0034316085062842624	0.30315168037772694	0.5659214469610998	0.003757220567042948	0.027494818332335337	0.0050235203798302324	0.0008069296358028168	0.09041277523987766
16	0.0020761563269279613	0.40238628274437965	0.2582847322451413	0.007895759696487412	0.138945826127061	0.18780069063870203	0.0011548866614735614	0.0014556655598268239
17	0.0035779362739960918	0.00979556991565089	0.006855801714495215	0.08364001739477321	0.17589255939706913	0.20389410163597735	0.2955757544279351	0.22076825924010304
18	0.0016013569578158839	0.3680447281230991	0.511866587386235	0.003937119585611014	0.11154090032636563	0.0015538835173953712	0.0005965591620353937	0.000858864941442538
19	0.004214015651193313	0.3203398643312336	0.5620442840085663	0.003068641030903103	0.008883759338201456	0.0054513588174923445	0.09074034466339903	0.005257732159010799
20	0.0017237784239258105	0.08160160997613353	0.09370434570401467	0.00861311945139093	0.34243803758795216	0.38137646247160334	0.0009723132282376899	0.0895703331567419
21	0.001985153301377473	0.28387480188378766	0.2094946297671673	0.016115263208980896	0.31467255848541636	0.17123706428076688	0.00130031030616904	0.0013202187663344757
22	0.0013236997028461702	0.07481260911387538	0.07846348465516961	0.0033294522048944106	0.05964417952011384	0.6129561067239747	0.0007484637871446643	0.16872200429198111
23	0.4817074430936202	0.14944410845064723	0.14924273607007843	0.02040042246747713	0.1952663103643817	0.0012437601629045802	0.0017767241700114458	0.0009184952208790835
24	0.24044240162711067	0.4567490060383994	0.2867750772477861	0.009804868343429042	0.0017458367486763815	0.0024158449846784077	0.0009609768951644983	0.001105988114755346
25	0.002434539496420914	0.11681655677914515	0.1191881858168831	0.005817280909298083	0.1940147167617482	0.09689856025939855	0.0022662765840477626	0.46256388339305826
26	0.0030537195726516976	0.19028561007014014	0.12245647434452965	0.6083068783304121	0.01541595475841378	0.05630614551674177	0.003073947091632242	0.0011012703154785846
27	0.06575165763082037	0.22420484116225542	0.1440679207869237	0.06651620660828136	0.040206113738330926	0.17668186185685086	0.2809266853415368	0.0016447128750005353
28	0.0006261978574050893	0.36324113735941904	0.617127260556303	0.00021057412214990547	0.0002601724502906361	0.017486698661380556	0.0003699658820440003	0.0006779931110074436
29	0.00133233484512869	0.009800587425665492	0.0055768769687580145	0.0319296022963283	0.6572636753315836	0.034012019983606326	0.0010021903045816579	0.259082712844348
30	0.004214153953198262	0.004408469901007807	0.003412458730002189	0.5550930805946592	0.28558220196478123	0.0008441370941844618	0.12068440659367172	0.025761091168495055
31	0.47543616749261797	0.028486785555214552	0.025993370473634942	0.004888553063992017	0.03842263207500928	0.18736572527328393	0.0011935108274073157	0.23821325523884004
32	0.009683268370288265	0.13800251573044187	0.09469097000170122	0.21784842782661112	0.004664452497989316	0.05391324086353688	0.4799673891691227	0.0012297355403086431
33	0.0034665024491621864	0.4010409630603983	0.29354756835561785	0.2691401842879064	0.003633770435708689	0.008398375204639826	0.01952911630865982	0.0012435198979069096
34	0.0014259006333109253	0.18565318370371967	0.1844849414413872	0.0021690146625070145	0.0017097607230658546	0.6214432721829978	0.0006982103999326409	0.0024157162530790495
35	0.001981524467153586	0.14266696418115674	0.25378389178658856	0.006539697042225593	0.2789514440376526	0.09057212990986123	0.001060110269609192	0.2244442383057525
36	0.009450854308824913	0.17636790582966289	0.11135567830668595	0.044403430821062184	0.17319684328701346	0.1357225823264022	0.30502783766829034	0.04447486745205788
37	0.007863671179713459	0.465221363080218	0.3584611223366305	0.02342087408392602	0.0028540912147094737	0.04124825132756681	0.09947064306381082	0.001459983713424787
38	0.5799987753460197	0.011107622247878288	0.008874611458667898	0.20859461706167703	0.03642671644454377	0.0009018626191647605	0.15333982769100282	0.0007559671310455742
39	0.8950930546181359	0.027590608869594024	0.020634285823435572	0.0009056199760057474	0.0029663017162319372	0.0012521839024385545	0.0006952395893582671	0.050862705504799974
40	0.0005029992507754011	0.4041005890127508	0.5805683630564447	0.00018892259956554002	0.00023653134091787347	0.013596089461329407	0.0002744634321832926	0.0005320418460329425
41	0.003746788599410766	0.2653572019157773	0.1641375691406071	0.01718194146112074	0.3575964711107068	0.18882741319150464	0.0013850555397600724	0.0017675590411125209
42	0.0007411771290254752	0.002399179150335881	0.0015027284826837127	0.247421620830196	0.7107543876040542	0.00048790797451639465	0.027972448946168595	0.008720549883019785
43	0.011706654367164783	0.14739348525685672	0.09304602643783391	0.01274907524466888	0.007003419360173114	0.2573255699188682	0.4056830107642301	0.06509275865020432
44	0.13625075474673504	0.42513879124010967	0.3674522457060121	0.00098153746872492	0.0019094706091536975	0.05854240963476931	0.0008015961384910247	0.008923194456004226
45	0.02983857039053535	0.20931678422709962	0.43672339789200576	0.03528099708817817	0.0628309220804753	0.0169332582225084	0.0014066527439295109	0.2076694173552679
46	0.0932761384987118	0.4161849892394525	0.29242699635892144	0.18888375678457708	0.004976761881585658	0.0017088704908912139	0.001790573592423475	0.0007519131534366325
47	0.0015452152361115333	0.2027655536790067	0.278210024946587	0.0012760613547315642	0.007460944072017552	0.4576204874995808	0.0006669783425159419	0.05045473486944869
48	0.002895684050690701	0.03485084434414728	0.023858500441006625	0.10128825696185241	0.7620624374022195	0.0023407073665749735	0.02191437441601719	0.05078919501749156
49	0.7366859437014073	0.012032168179681758	0.010342521834469919	0.019695190458681386	0.15638538325251833	0.0026510828907895254	0.005909444845339264	0.056298264837112436
50	0.0026921680687847036	0.3880408984802181	0.2260014040407547	0.005482517155340998	0.03756797502096133	0.20317138429376652	0.0008572113546121501	0.13618644158556142
51	0.03401793801307144	0.4547062768637631	0.2698230198109002	0.07507538763991194	0.0036783992235425397	0.1563421725458908	0.005061078370541737	0.001295727532378189
52	0.0004142632726016722	0.3939918430373558	0.6038924784536279	0.00014853315004578435	0.00017738451726725122	0.0007386582035296893	0.0002705240400923752	0.00036631532547968463
53	0.003053843884305931	0.13601736073220094	0.07466883753976307	0.6906089042684361	0.015443203578531232	0.07626961578794676	0.0024369302114396704	0.0015013039973762212
54	0.000954802516835537	0.37966893301623617	0.26176170766751583	0.0003714094493533305	0.0004100598922439769	0.35139648400192103	0.0005836671665209021	0.004852936289373083
55	0.0017074523265106286	0.009596387502011116	0.006114121641157691	0.35113953986359053	0.5702051687114578	0.0006027143636092516	0.05900807837466371	0.0016265372169993136
56	0.00033002454118373	0.0008085994916898154	0.0006482048927034412	0.08941802768978004	0.9060778601065123	0.0002435505797114616	0.0006725782281376602	0.0018011544702818453
57	0.0038948153672887227	0.27835408446697246	0.19652307910330516	0.002200801355303896	0.024990912201925924	0.3495677200978646	0.0014783291081370295	0.14299025829920228
58	0.20615035761229322	0.4356965777060683	0.35473716537685385	0.000362202967769425	0.00023401287304076397	0.0017970166261708689	0.0005042628383057622	0.0005184039994976919
59	0.021892329507603517	0.029602494100569	0.023407133548471647	0.040607871874389856	0.04589345704600484	0.11294903326596202	0.581950659716651	0.14369702094034822
60	0.0026204294546361136	0.5143975479210733	0.21691610725626248	0.03630563818553701	0.03113921381162974	0.19517668247739411	0.0014266640156500809	0.002017716877817103
61	0.005692865308091319	0.07155795709977462	0.040345803116982576	0.18403816084577096	0.46091699499836525	0.0056269026107110065	0.0015524347551522195	0.23026888126515196
62	0.09790233510344609	0.2399026565896862	0.17885667769130725	0.03233846094004636	0.4462853702333704	0.001642617661072821	0.0018548036876708468	0.0012170780933999231
63	0.0019375436619889887	0.033897982076124475	0.023929120483766282	0.024595479208263347	0.6905621720142913	0.0025091267099236966	0.0019736701935722184	0.22059490565206977
64	0.17218138043583872	0.0024277108038939037	0.0018679206501749708	0.05023970471858733	0.000814064848595423	0.0005499520629718723	0.7708183795672562	0.0011008869126818326
65	0.38242368021385803	0.2279248766289015	0.1877495917911884	0.009099083952305178	0.03657901948764667	0.15337329452093967	0.0016417800697003692	0.001208673335460162
66	0.012417570002374683	0.03893198005386827	0.0225844160800114	0.06936404440226952	0.28343530071068485	0.00261060587420491	0.5330020402492568	0.0376540426273296
67	0.0014817000314898694	0.5585023354322496	0.3761601060191363	0.002653183215209539	0.056601669213942996	0.0026205637489276714	0.0011573190170654343	0.0008231233219785237
68	0.0023052812347236448	0.3318787175804386	0.26149882149602915	0.0058643506922702714	0.07331788996423658	0.1278461292610491	0.0009390687291655066	0.19634974104208708
69	0.002760441770340712	0.43145148881813394	0.25811008211676345	0.15669169981799433	0.14041473827683126	0.004904715592590484	0.0015950144915147383	0.004071819115831378
70	0.0019369539898620967	0.002207533072704442	0.001697109704299303	0.6285573409255388	0.018247458066759932	0.000551466000816884	0.34526691383155955	0.001535224408458997
71	0.002440220052264262	0.24586848950111487	0.19179916203341793	0.006462473548022261	0.2819011911665438	0.2688340430368983	0.0010785926611340103	0.0016158280006046456
72	0.000189235765360677	0.00035825457907499517	0.0002858531149107024	0.018269701628206177	0.7890258417178848	0.0002588947717948172	0.0012502099174748922	0.19036200850529297
73	0.16977988258247287	0.07640972566514473	0.0481694997697589	0.005712317424770507	0.0007185623713710314	0.025351949926908146	0.6730148599007186	0.00084320235885514
74	0.004492870941058285	0.0035893886646088985	0.0028724258149377497	0.03505981684253928	0.07092368285573432	0.0020457997612790568	0.8359165594789745	0.04509945564086801
75	0.003372142760464088	0.23889148652724806	0.15126343761500965	0.058430349567624495	0.4467131245665834	0.006207867457860564	0.0036422715637092606	0.09147931994150049
76	0.002761146082403428	0.23060233084707435	0.1049964963925718	0.1495880684948348	0.03173862815998169	0.4401253909125693	0.0015082905232928104	0.03867964858727188
77	0.0019517786430352636	0.03525510012238927	0.020834754847033593	0.1411361367024182	0.7932990320426204	0.0008879409258358966	0.005106863210583703	0.0015283935060835
78	0.007645838458850826	0.168933593973124	0.3588980499435135	0.007179269388799398	0.07669239791828447	0.04983097129265548	0.08024548054072736	0.250574398484045
79	0.9319315179317877	0.03686872872489335	0.028883781562698094	0.0004016331243036809	0.0002826046834342455	0.0007117028013529831	0.0004900662054157892	0.0004299649661140573
80	0.1347233877640107	0.28266049886031996	0.2759855701033517	0.0017327278507971574	0.0006796930167796307	0.1296239130596052	0.1737503571407172	0.0008438522044183871
81	0.0008501068904439452	0.13140236490900636	0.09497578462429651	0.0012962892844718436	0.010015494978023185	0.759747259874099	0.0005103933838189477	0.0012023060558403029
82	0.004830037454829428	0.5722300154438653	0.24697575284898096	0.0076571311623114795	0.02224403759765225	0.007437720611994881	0.11094190605486512	0.02768339882550045
83	0.0013163197403258076	0.0015555448418075467	0.0012700558420729237	0.33700787810597727	0.34848226521671244	0.0004946714253267453	0.3078176667284276	0.00205559809934968
84	0.0010761321741402095	0.09231844410413022	0.08899332153000458	0.0015801803253934097	0.007419461797389437	0.7716092509746766	0.0006097458613278119	0.03639346323293784
85	0.001713056806355974	0.3710775590086023	0.25753084463472964	0.011980850645623481	0.3506205528640186	0.004493088373184925	0.001179295795574928	0.0014047518719101672
86	0.0009494462123724942	0.36228245698083233	0.6349303865417792	0.00027644802514900613	0.0001989100808886243	0.000557732077057202	0.00033367740243304283	0.00047094267948809135
87	0.22513922475335935	0.18124111802217677	0.17085139596701915	0.010060171597627336	0.0009175876062557656	0.0012170256124165054	0.40981273669143187	0.0007607397497134235
88	0.0019470000015272982	0.28477181470543905	0.19951940070311577	0.002689520326760395	0.019727328941851797	0.3921293586491226	0.0006854680497738676	0.09853010862240912
89	0.0005492929738417458	0.38623568953350007	0.6038545088155477	0.00017890684060776815	0.0001898760926374994	0.00825334799385287	0.00029672104986245385	0.0004416567001501552
90	0.5233849848490963	0.09749914761562897	0.08769240045125126	0.006019081989173437	0.03160391080384554	0.11770488971713779	0.001360252298115679	0.13473533227575105
91	0.14496519909493863	0.2272652129542511	0.3354562055048206	0.010214888070373622	0.2330556064261355	0.004738974811147303	0.0013749361142881506	0.0429289770240451
92	0.16497892398188008	0.10384234711311292	0.08577987850935463	0.03038403053545384	0.25975540865305263	0.34811496566647765	0.0016147927822425558	0.005529652758425655
93	0.003925286382975702	0.5558355924531603	0.3041624724454555	0.0814573442950334	0.04950034785318662	0.002831346160281714	0.0013512720421569979	0.0009363383677497987
94	0.0031988318177464193	0.5149628263832539	0.30991524071207754	0.1500447481846766	0.013015258801597367	0.005782151746104756	0.0017120087629909242	0.0013689335915524718
95	0.0030458841546416797	0.33683019310356843	0.3076998755121059	0.06322519417245692	0.18835445664335668	0.09438877780877115	0.0016540252447082642	0.004801593360390813
96	0.00787755319209546	0.20708119534717528	0.21803803599816826	0.06383191034485027	0.0066203665181921055	0.3988103051521775	0.0959314901400952	0.0018091433072459381
97	0.005113408698661215	0.4252296445448911	0.41712006690972375	0.00329775854478347	0.0020011274164379042	0.08507531304426817	0.06067944715587898	0.0014832336853552494
98	0.010427394213176278	0.05712921156683715	0.04159580406039766	0.172555298318997	0.1277458612407689	0.22004526255832993	0.13685138528528284	0.23364978275621026
99	0.615304669965816	0.019415155116733453	0.01704813183344539	0.23636167396328234	0.000954171668742286	0.0006852565216941218	0.10963546890088853	0.0005954720293978058
100	0.0011233868309486565	0.0345989170956956	0.03538306176290242	0.0013883606881326495	0.03226369907947739	0.7107954870368801	0.0005723554493877339	0.18387473205657534
101	0.709718774697461	0.01843781647683786	0.01904163580815971	0.0034002669729614726	0.04381379440122388	0.00306188381609139	0.0010214265188443687	0.2015044013084203
102	0.9645000892873423	0.003910264614112632	0.0033710568551733183	0.005663819256809557	0.02043180347803056	0.0004218037562120419	0.0007535828156960731	0.0009475799366234518
103	0.20981067649705015	0.006598689867493301	0.006149429815936807	0.04670144456471357	0.25462522554543604	0.018292694180931504	0.151449229449004	0.3063726100794346
104	0.005400904380323694	0.057236936256160595	0.03633420542222323	0.039769070680279274	0.35756060434607195	0.18970384332151322	0.31185514219637217	0.0021392933970558283
105	0.3268703308102886	0.20426593214931385	0.33412714150684025	0.0327801998335662	0.03526919321708718	0.003621745437229019	0.0017749522190877256	0.061290504826587176
106	0.0010886126047202145	0.12304596679954467	0.06282478267151782	0.010146197963197552	0.7981981728145254	0.0014774249053618783	0.0008365775489456558	0.002382264692186786
107	0.004520424998369591	0.46344158900742366	0.24987153236322482	0.18022699727846478	0.09249031503473978	0.0060027805019809985	0.001844226259097807	0.0016021345566986105
108	0.008517677480220092	0.3429121528758123	0.219684091553731	0.10463874368941725	0.04615950581068054	0.20086735107310938	0.02836207116259896	0.04885840635443039
109	0.49006078579088785	0.20512444362262747	0.2479132543472957	0.004248456504758813	0.049255539285928567	0.001389795546764789	0.0012431086703625655	0.0007646162313740577
110	0.08400081677396296	0.24260693764339017	0.26642880109756034	0.29428490357937	0.05275443480968174	0.005263867802677883	0.003126130456519508	0.05153410783683744
111	0.007454209829905403	0.042380483207621195	0.030938129334410487	0.1775459584216785	0.33713652677339095	0.23335815676867072	0.10067014778910222	0.07051638787522034
112	0.00964050935552529	0.14942740586549155	0.09256144051918555	0.11864323336559682	0.17172561130499958	0.07426235836143055	0.09633477214901098	0.28740466907875967
113	0.007045098832330879	0.045055079625304334	0.023296954458461964	0.018979318436219667	0.012367078030137686	0.19521386823948	0.6923216240811016	0.005720978296964016
114	0.001362359204577766	0.15477431182784154	0.10466063742512892	0.007067311812919959	0.2048960188361457	0.5249588288442036	0.0009226822072788233	0.0013578498419034636
115	0.006897701230752117	0.2143597516337191	0.13720148820853864	0.01342161080232459	0.08803628246396461	0.4379814868896452	0.08588480446141089	0.01621687430964478
116	0.0008035100909631539	0.521993307087341	0.4667942216433207	0.000219773687338264	0.000228155066791254	0.009132354224755583	0.00034888762803011574	0.0004797905714601863
117	0.0017108748705678184	0.11174951122715011	0.06082625569245275	0.005864185497558631	0.18137348436804265	0.42395010496262053	0.001036383038182766	0.21348920034342475
118	0.0016636076486339071	0.37289637033065637	0.5091731146022026	0.001525652709311694	0.0027612536605016876	0.07428947446966216	0.0008459177286634084	0.03684460885036801
119	0.008508969572983981	0.15453601244986867	0.2221673642817025	0.19217519903913294	0.15547723526299098	0.011242368522069309	0.015211224359954246	0.2406816265112975
120	0.2531663972376473	0.1231905706965688	0.10238160828002005	0.010737366087973302	0.0017093905360552205	0.20208513036921832	0.3053303212990511	0.0013992154934660645
121	0.12290407356017449	0.2352384619326879	0.20794026184819778	0.023601388377981723	0.0022452882123131348	0.4054856734028721	0.0012674773082231117	0.0013173753575495878
122	0.011417171058481572	0.08102978120021506	0.07186300171655421	0.13110954034236516	0.12380565162195559	0.13023834469936285	0.22222495153143668	0.2283115578296289
123	0.007531968045253968	0.17670344377538383	0.11704072529193779	0.3588101499485746	0.0894884926318755	0.06907948772439718	0.06248228324105591	0.1188634493415213
124	0.0021974936130805187	0.19719466362111798	0.09856425432533561	0.027375222874910062	0.4581538372172371	0.2126065953855619	0.0013265897191292917	0.0025813432436274236
125	0.006496418727715748	0.23736411377360472	0.21679692077742166	0.004915000155346448	0.00303445254264124	0.22812977597158118	0.2856675233396432	0.017595794712045882
126	0.0013235549528307791	0.07657774855678552	0.0678834135055092	0.0015945579153870163	0.09001673780346574	0.4542401254359994	0.0006039837746592906	0.3077598780553631
127	0.0015903382855523038	0.38954738748166884	0.5950490035728433	0.003135243243137207	0.0006297123116474752	0.008904212139892672	0.0005131519715021866	0.0006309509937558889
128	0.011660564160620527	0.002229973544252984	0.0015235748599421687	0.13012705506309655	0.13627023756232173	0.0007477288372103663	0.716615273372571	0.0008255925999846654
129	0.0946699788401133	0.3616608874830237	0.37667761294476587	0.0006675422885906586	0.0003677824415214911	0.16456763834675153	0.0007055158199665842	0.0006830418352669215
130	0.005844062553065102	0.2383096060058707	0.2603747756927096	0.34257441150980233	0.0727896353967215	0.004171508938102776	0.0037843982520246113	0.07215160165170344
131	0.0033783009462377916	0.6483157296563116	0.2744956976876382	0.022881179601565372	0.0013029331865926363	0.010695493532453484	0.03795400349171006	0.0009766618974907705
132	0.0025359329105185107	0.24787262553971057	0.15978941590286683	0.029183522170338424	0.2878888349528728	0.026840108303241253	0.0010670326532226967	0.24482252756722891
133	0.0029474761337535045	0.0752028584272281	0.0762172026062032	0.07506686667502567	0.04277262620453522	0.6003034045296126	0.019772753523084538	0.10771681190055722
134	0.003779898546852356	0.007888101327804903	0.0062776473712879794	0.18478368408265672	0.26008971300570166	0.06794696930864101	0.06000557374620129	0.40922841261085413
135	0.0007751471284264684	0.21672017524438283	0.16602823771539396	0.00036635628862495426	0.0006599727856981532	0.6144543019351381	0.0004028765243886216	0.0005929323779468967
136	0.002137888243559079	0.6119245271509549	0.24225078753362306	0.0061660859775967535	0.129422836149361	0.006036907264733465	0.0009024871096661763	0.0011584805705057337
137	0.21975948239922974	0.08421826487713545	0.06921234415966301	0.5143160340407656	0.0010498153047769658	0.000941802514527839	0.10986370622494628	0.0006385504789552055
138	0.08386462942263465	0.20854322599077169	0.20576035260759803	0.002364428072470246	0.0006413302892098763	0.4856935937328295	0.011990229065315128	0.0011422108191710867
139	0.018569755833040217	0.479980654525929	0.3179213902818235	0.0012206505078181358	0.0004251800416256445	0.18041961033245865	0.0006621020054447397	0.0008006564718602224
140	0.0018030196399007898	0.19768854872961847	0.09899584212151666	0.012960044120599657	0.642618608093885	0.04287220944433196	0.0013962147071777868	0.0016655131429694895
141	0.8798700327541797	0.03745686848052257	0.0318948046780518	0.04763069366872646	0.0008734861189343622	0.0005024275551047799	0.0012346301846894747	0.000537056559790854
142	0.0067339348697943915	0.04228572435042196	0.021390686310665177	0.011784628408996849	0.0031065275993692955	0.14725664384286113	0.7663301300897027	0.0011117245281883487
143	0.0015931397681497093	0.352154864615897	0.20110916896346345	0.002234713954441904	0.08041083072448688	0.36026725690265693	0.0008618668139744037	0.0013681582569297337
144	0.010197035995027236	0.2517033883283195	0.20311014596524674	0.10081021699950209	0.0035280866864537547	0.2850206529815055	0.1438604561169331	0.0017700169270121885
145	0.0011109141064305254	0.2514915315623018	0.18250662516050215	0.0007610354905748661	0.0026743598118250307	0.5038594580895632	0.00040681801112570385	0.057189257767676874
146	0.00016762516012320218	0.0003353046108823072	0.00030533687309426276	0.00621390655371545	0.6715952299349097	0.0002204591644001787	0.0005425802592928796	0.320619557443582
147	0.13783027977232087	0.07054694516536865	0.05911278531361889	0.2572661376330642	0.002705000406079851	0.012502682081200527	0.4589858531591923	0.0010503164691544277
148	0.1850485745033951	0.004582518196318863	0.0042097069450571685	0.14951192855578707	0.3330386532311454	0.0015718487408465328	0.10935659929911161	0.2126801705283384
149	0.0012740524973283201	0.09273975561524826	0.10944719778842525	0.0014038737325947725	0.04967838542185701	0.5592457469711953	0.000637970695793781	0.18557301727755715
150	0.3820855119874787	0.3396561703408793	0.2704608550536198	0.0006210146019549884	0.0003040695418380327	0.0010312926510084972	0.005294494847281718	0.0005465909759389141
151	0.2060987668676845	0.074010914136093	0.048948903430745136	0.6440466594120556	0.005312775710483773	0.01748260852672281	0.0030265280023350064	0.0010728439138802692
152	0.0029432970156989674	0.48249439344372386	0.26457458137689066	0.23009456627588942	0.01334276964653311	0.0037547974430597176	0.0018807196397560852	0.0009148751584482476
153	0.04538788062376538	0.3151954763624222	0.3139422495701631	0.275307297603493	0.005734111278786271	0.04085803505541394	0.0022406479325141684	0.0013343015734420553
154	0.0015013849969975344	0.23546903806997105	0.3171293817656308	0.001139435743754089	0.005144021403268684	0.4357466168643396	0.0008255456203865029	0.0030445755356519567
155	0.3677599132666388	0.12036820629510815	0.23401168505968353	0.011996147746117848	0.05366032071065676	0.004756106005799537	0.0011976376866473448	0.20624998322934796
156	0.0023748512866534305	0.4557624073079524	0.454107994648454	0.0013090127972248571	0.0005897590007896958	0.005918798280208543	0.07887992632595055	0.0010572503527664235
157	0.04147486501881729	0.31153796226079905	0.35168004745957104	0.01356369196440549	0.17898823134608935	0.011426361989584044	0.0012915530364376016	0.09003728692429626
158	0.001466673014223394	0.002331313713571864	0.0017669532472505893	0.04395264062891	0.48441650868655733	0.001229194106398883	0.3347734366858011	0.1300632799172868
159	0.15416309575417692	0.15292696873806372	0.2676240365846047	0.048864984594222734	0.10364327174278279	0.010204474835943538	0.004516142066308081	0.25805702568389755
160	0.04233406630274954	0.010760314066743054	0.009147042976817574	0.13356283443744602	0.5325441414123763	0.001428548779536695	0.0016737441056458764	0.26854930791868514
161	0.013153469091219745	0.05691579214712374	0.04059736428590295	0.07965537277332678	0.045872262776422604	0.029204200955101442	0.7333271017288708	0.0012744362420318148
162	0.0005904756103624541	0.46144819105524204	0.4500763252439455	0.00023078245595801685	0.0002361104851219887	0.08650145523343214	0.0003972057750165795	0.0005194541409213368
163	0.22675280784542476	0.21688430779128515	0.1662461267264527	0.29166447189187256	0.04093981647206245	0.004295331894367185	0.0033985310830235904	0.04981860629551156
164	0.007732997449896206	0.23705268064721405	0.3895563326082686	0.010898752230078518	0.028032298496593902	0.13513422490427152	0.12759430101774424	0.06399841264593294
165	0.0016975546643078461	0.028409070405289637	0.026900982334641624	0.01170235785058063	0.3312066423917459	0.3252478766379626	0.0027650102413190815	0.27207050547415274
166	0.010099175426390846	0.17610666816270737	0.42154856001834357	0.0024194924367979295	0.0601726295067864	0.09092644540369417	0.0008300757652198613	0.23789695328005991
167	0.0020430979621642946	0.4243493925260727	0.2083989936785761	0.002865302706674682	0.05528678454232284	0.19285451236045423	0.0007438320830469138	0.11345808414068827
168	0.00495305100131896	0.0036140139164927317	0.002514802776160943	0.0929025668768671	0.07800811076896152	0.0022900585294564966	0.6766367228735084	0.13908067325723372
169	0.2377852966846288	0.3787791716094233	0.3366203541251265	0.0005040859295782975	0.00034026446559072603	0.04457626940118935	0.0006188691373341395	0.0007756886471290087
170	0.00048237126613870476	0.4723584491017677	0.5246596663220228	0.00021882049592979912	0.0005116057331070732	0.0010215959285809905	0.0002910204014523968	0.0004564707510002615
171	0.001690992849642028	0.47259628801528	0.21373708258084415	0.0013259388011710098	0.024951917760162503	0.19036129960084053	0.0007049622009120457	0.0946315181911479
172	0.011221742165516153	0.5243084103725728	0.30427319244050227	0.0025169633538379027	0.03518384265375042	0.017672244659612583	0.0010396063800223142	0.10378399797418546
173	0.2601187097890846	0.3471395382166668	0.3739005966898627	0.014649034031312909	0.0016957147837835245	0.0010419223107723155	0.0008856211308461668	0.0005688630476709147
174	0.0265010513202862	0.04665965906892691	0.026377405231854025	0.11178241170820889	0.0012947429811957134	0.0011023795371898014	0.785731927777614	0.000550422374724404
175	0.007361712222221873	0.10614668708008271	0.09672471837043413	0.4811060279707954	0.2489080799532061	0.0026331786525873157	0.0028040838319415866	0.054315511918731046
176	0.0032904780104374342	0.39542163170782585	0.2210542435323994	0.0040623895067411035	0.19440766821004543	0.08020453679691117	0.0009731760392072761	0.10058587619643233
177	0.0024893007666090356	0.19316042285778717	0.09600343762533471	0.13411734508026613	0.2291049135800939	0.34124658423132065	0.001695119802661457	0.0021828760559269803
178	0.0007294751830215598	0.39158662314786286	0.4436104211042653	0.0002586492879945892	0.000231544972193062	0.16250136121448325	0.0003613731384536617	0.0007205519517257498
179	0.8595873831535296	0.02468690723287785	0.018584988863881206	0.027755120534419333	0.05905086196073338	0.0012729067375763974	0.008163000899929442	0.0008988306170528967
180	0.010404128347416554	0.059818374540111435	0.03779307868370123	0.014901288016019445	0.006869716594738983	0.02442476781282266	0.8136262308920854	0.03216241511310429
181	0.007181925476413795	0.14565695115469074	0.11583653602601765	0.033330491263437706	0.09076869626896318	0.5714807810089795	0.03388090272903271	0.0018637160724649306
182	0.38032518899118856	0.26266219932856444	0.27937420906932037	0.07101622614019804	0.0010673226485203309	0.0011585386922057463	0.0037477398494829375	0.000648575280519813
183	0.06915283551255198	0.13279903623157355	0.19108258283696294	0.13186594084906386	0.10711912283414508	0.009141362447070788	0.15402629776797727	0.20481282152065453
184	0.02983261915293443	0.10419949067215939	0.06529454337172036	0.03804488089010759	0.25177905007357404	0.011147724001010172	0.26202957558115997	0.23767211625733392
185	0.06206409590873852	0.004209910106630813	0.003399924490512406	0.03488574245808961	0.011974506005203315	0.0038458344197699118	0.8713554855624274	0.008264501048627904
186	0.001905895934994218	0.5517523197707012	0.31633214509175706	0.0010601300380735782	0.00107749539945018	0.12633879680669252	0.0005097308211122183	0.001023486137219107
187	0.00587322507529991	0.39459377681329877	0.4002176879354262	0.0035400900473852113	0.02058793280114353	0.09400350053469013	0.0074267607919657015	0.07375702600079055
188	0.0026567830242624794	0.019525630917619902	0.013027306973200987	0.2843048884275975	0.6033110039425883	0.020373778425016004	0.0017878126150656602	0.0550127956746493
189	0.007444704110456464	0.2739439952240212	0.16200198395051435	0.08531901653169653	0.015363079040878668	0.3137385862040065	0.14062988579885158	0.0015587491395748269
190	0.41158788555915954	0.2655081754838926	0.19699364609608166	0.012540393130344466	0.06425041758492493	0.04248655953350362	0.0019152681247071297	0.004717654487386112
191	0.001539323445737607	0.2080390909259224	0.11830278252697843	0.002435166087719765	0.2073330335591986	0.23430662664774768	0.0009709656114790772	0.2270730111952165
192	0.8428523610608581	0.06684907417724198	0.07211225071898496	0.0003860255597065007	0.00019081871470831178	0.01655429513262376	0.0005250133036938543	0.0005301613321823306
193	0.056386487744933225	0.39175792139693566	0.45056735940698095	0.0017181794785347557	0.0016066031729412378	0.09617082381939283	0.0008824779869963219	0.0009101469932849953
194	0.009009929748334072	0.39268138531045116	0.22755004373058915	0.002819640377758655	0.04359662916490043	0.1180890874236466	0.0010304777679536632	0.2052228064763662
195	0.07344123757489857	0.20151385124110843	0.35663072702747184	0.010404979567818993	0.014000865018483077	0.01414866345990577	0.2637172889007961	0.06614238720951714
196	0.004330284944238693	0.3611917558985839	0.23526288350336022	0.17676898284065198	0.007857162570149677	0.2068568361830352	0.006242038977067986	0.0014900550829123392
197	0.006740191318574009	0.18609869229154735	0.10995837965361642	0.0703169163591817	0.01761210956614557	0.288313058357783	0.2939412823516989	0.02701937010145295
198	0.29346391420623735	0.18306046867615494	0.16672514115593245	0.022000088599394063	0.27629569018434375	0.006047766441038107	0.0019520352324470939	0.05045489550445236
199	0.14846709808687109	0.3917248238916649	0.27913762742952025	0.16696861785418463	0.0026473764276352986	0.00794960805191632	0.0022256528272392804	0.0008791954309682003
200	0.15812745774989637	0.025879271506283608	0.019180447769567788	0.033327704604922265	0.7601561113853555	0.0007336514149400378	0.0015590121594719812	0.0010363434095622805
201	0.30052569079261887	0.09267476983960742	0.0692766366578302	0.08657261076415156	0.37895639796283426	0.003055131519209649	0.002073289666651052	0.06686547279709706
202	0.0694513202254483	0.14917635372504762	0.10370565866114485	0.055091192423247344	0.3181269082720772	0.11866515319339851	0.18381119931211254	0.001972214187523624
203	0.21066084962550521	0.13054885444608536	0.1234654415009125	0.029772410621361822	0.046205714404849926	0.26944907362168197	0.0016432506750588014	0.18825440510454425
204	0.0018022401868781153	0.026566892325364914	0.015882670749106355	0.3890671746629243	0.5528815602854752	0.0007602442756835907	0.0020664037411844706	0.010972813773383265
205	0.0013314747762745984	0.2438801980323418	0.11380199009406151	0.0013077324810190718	0.022950441119211008	0.5388872059793756	0.0007197347509979645	0.07712122276671858
206	0.0013302573907378028	0.3073311211069356	0.4694788162752708	0.002494458711682216	0.20670462038138132	0.008703809435471365	0.0008400620239528474	0.0031168546745679797
207	0.00799443087694257	0.5077458860042018	0.2693252499097564	0.027698273317743573	0.004970267442655374	0.13439899361856897	0.04632537049153311	0.0015415283385983444
208	0.005007137829594374	0.24605864490993784	0.215639126112026	0.004240487112636755	0.031374226991165634	0.32513912857278815	0.0019265319601331442	0.17061471651171806
209	0.0015246094993265822	0.0012488919864347993	0.0009662269267102184	0.1884008481363323	0.12695673833469762	0.0011530118296809323	0.4910326232790191	0.18871705000779845
210	0.0007519531475354904	0.3073840928894616	0.25697588381971304	0.00030554664013836193	0.00026075513204714914	0.4329345992198951	0.00044604094200523795	0.0009411282092039504
211	0.0015001010792004027	0.3040729795924865	0.6327571723049608	0.000950539320887481	0.01717671393633384	0.007805731772899161	0.0007199065021077183	0.035016855491124196
212	0.0018167152932383377	0.07064420284064284	0.09530422467993085	0.006779094861073785	0.020652113466614882	0.669798572064434	0.0008034147104914814	0.1342016620835738
213	0.0008743439053227401	0.45848277861094944	0.5273107123288071	0.00018478232616239858	0.000231967750648682	0.01210464687572626	0.0003174631013154082	0.0004933051010680025
214	0.03755923163137108	0.24017991479028813	0.381804600359157	0.008402880209090881	0.0037090016010903775	0.005026443074719376	0.31266039909202287	0.01065752924226044
215	0.021508076476181574	0.19812321418661707	0.16637334496975528	0.015543349089868179	0.05897758517410054	0.5359510592158782	0.0012353222235237397	0.0022880486640755645
216	0.06253468151475106	0.4526326458098931	0.284892701144512	0.03967121528411024	0.10958167343584989	0.011126844264576349	0.001456718245151068	0.03810352030115641
217	0.10850031937203614	0.008380580481094219	0.006870641972448601	0.14174998406899791	0.5305238625150317	0.0011281498806352892	0.1724709098220514	0.03037555188770473
218	0.0011239862451606416	0.453721229443052	0.21530792668909057	0.0011382489438975108	0.02080057921027039	0.293989165421589	0.0006950689040655212	0.013223795142874507
219	0.0025353350440517276	0.20895524127541584	0.3145102876193936	0.00453970194980391	0.19433015827062083	0.1411565992114905	0.0016185638578523737	0.1323541127713713
220	0.004140372138735429	0.15098881210309456	0.2844244207658308	0.003997243017904693	0.1243965487703674	0.03109003598875252	0.0036672527871056577	0.3972953144282088
221	0.4379623586460156	0.009228835249183541	0.006882542162625726	0.062228260333785944	0.004897024542440653	0.0005326709670587292	0.47765118914452864	0.0006171189543611819
222	0.0016541637799040697	0.29570086769880405	0.2920791499704493	0.001158488699785639	0.015621184637549706	0.2681764233440111	0.0006826232815787886	0.12492709858791735
223	0.3372172981115149	0.21388565626391556	0.1966867524313339	0.003617604504308584	0.0021139834360887656	0.2431984458459326	0.001853451951252484	0.0014268074556531619
224	0.03307290427883107	0.32607831851903624	0.3436921834132441	0.07058348814084425	0.0019399055152702815	0.22160483657490845	0.001906205777620721	0.001122157780244861
225	0.0024720310421664886	0.40522948608363046	0.3241537545868376	0.0005057543608747531	0.00035401520552585215	0.26602587044756304	0.0004895663893096715	0.0007695218840922296
226	0.002907261126314711	0.1307562622626193	0.07046175039659935	0.730652934786064	0.060272022626182864	0.0011850325724643309	0.0022916880273741273	0.001473048202381339
227	0.009316963355734682	0.04002922967549015	0.026613609928475362	0.40698921740191313	0.1391492680655893	0.0012240261458226031	0.3756377196168075	0.0010399658101674187
228	0.0038432683358277037	0.5203021356392716	0.450652049408495	0.020342341638114603	0.0011662411407984449	0.0022387005980342334	0.0007114520412786038	0.0007438111981797914
229	0.015247161983609012	0.0644197480181699	0.07455333720948157	0.07514903486593437	0.07370778538696855	0.01383759303303657	0.5097019184371281	0.17338342106567198
230	0.3063689905739256	0.3150059689677297	0.3762485233058487	0.00042773189928670965	0.0002603310580066172	0.000700488968158016	0.0005279242946787002	0.0004600409323659045
231	0.008423467201289267	0.3826650096759739	0.37842230639116714	0.01888388806270017	0.16027798894710008	0.006809111718330236	0.04306221225102345	0.0014560157524158635
232	0.05022901501360252	0.14788845231089062	0.12773091272368836	0.5558587170299185	0.03304683720834682	0.004275020882582502	0.07989642621851097	0.0010746186124597405
233	0.4055671548063142	0.3510639656365618	0.211736173930746	0.020854354444973945	0.002064961733428372	0.002551046439948583	0.005340990018844702	0.0008213529891824404
234	0.9382776754542409	0.03181982710203588	0.028280646521152634	0.00023930989690983237	0.0001600522463839681	0.0003835157279000524	0.00048265935561013723	0.00035631369576671104
235	0.41434220920259945	0.04371715066434704	0.02980708590435042	0.04192538623072423	0.02733483633409293	0.001909137876804369	0.4361278742412158	0.004836319545865675
236	0.1078630325757182	0.3400631913822562	0.546939754952491	0.0014280927619476245	0.0013200590824226138	0.0011358901939198206	0.0006788958645188335	0.0005710831867256729
